0 4
1 5
2 2
3 3
4 7
5 8
6 9
7 6
8 1
9 11
10 12
11 14
12 15
13 22
14 25
15 27
16 32
17 [7]
18 [38]
19 [39]
20 [40]
21 [41]
22 [59]
23 [60]
24 [88]
25 [89]
26 [90]
27 [100]
28 [118]
29 [120]
30 [133]
31 [139]
32 [145]
33 [146]
34 [147]
35 [151]
36 [153]
37 17
38 35
39 16
40 33
41 30
42 31
43 [28]
44 [29]
45 [35]
46 [62]
47 [74]
48 [82]
49 [101]
50 [113]
51 [132]
52 [150]
53 29
54 20
55 42
56 21
57 [3]
58 [5]
59 [58]
60 [75]
61 [76]
62 [77]
63 [80]
64 [81]
65 [99]
66 [102]
67 [123]
68 [124]
69 [125]
70 [142]
71 18
72 28
73 [25]
74 [26]
75 [27]
76 [36]
77 [78]
78 [79]
79 [141]
80 [157]
81 [158]
82 [159]
83 10
84 13
85 19
86 [51]
87 [52]
88 [67]
89 [68]
90 [69]
91 [94]
92 [95]
93 [140]
94 [148]
95 [149]
96 46
97 [19]
98 [107]
99 [109]
100 [119]
101 [134]
102 [135]
103 [136]
104 [154]
105 [155]
106 [156]
107 44
108 [2]
109 [4]
110 [92]
111 [106]
112 [115]
113 [116]
114 [117]
115 [143]
116 [144]
117 [8]
118 [37]
119 [42]
120 [43]
121 [53]
122 [54]
123 [55]
124 [6]
125 40
126 [30]
127 [32]
128 [64]
129 [65]
130 [66]
131 39
132 [129]
133 [12]
134 47
135 [45]
136 [46]
137 [47]
138 [96]
139 [121]
140 [122]
141 38
142 [137]
143 [138]
144 23
145 [22]
146 [23]
147 [24]
148 [110]
149 [111]
150 [33]
151 [34]
152 [86]
153 [87]
154 [108]
155 [83]
156 [84]
157 [85]
158 [18]
159 [15]
160 24
161 [126]
162 [130]
163 [131]
164 41
165 [97]
166 50
167 [31]
168 [160]
169 [161]
170 43
171 [56]
172 [57]
173 [70]
174 [71]
175 26
176 [98]
177 36
178 49
179 52
180 [48]
181 [49]
182 51
183 48
184 [128]
185 45
186 34
187 37
