0 j
1 b
2 d
3 g
4 a
5 e
6 c
7 h
8 f
9 i
10 k
11 l
12 o
13 f0
14 e0
15 w1
16 y1
17 a2
18 b2
19 [210]
20 [289]
21 [372]
22 [391]
23 [397]
24 [411]
25 [414]
26 [416]
27 n
28 a1
29 b1
30 j0
31 u0
32 p0
33 [200]
34 [202]
35 [205]
36 [228]
37 [257]
38 [261]
39 [265]
40 [382]
41 [404]
42 [214]
43 [230]
44 [241]
45 [284]
46 [401]
47 d0
48 m1
49 n1
50 o1
51 z0
52 h0
53 c1
54 y0
55 g0
56 q0
57 v1
58 c2
59 [184]
60 [236]
61 [240]
62 [260]
63 [262]
64 [268]
65 [271]
66 [275]
67 [277]
68 [280]
69 [311]
70 [324]
71 [325]
72 [329]
73 [336]
74 [339]
75 [342]
76 [354]
77 [355]
78 [358]
79 p1
80 q1
81 r1
82 s1
83 f1
84 v0
85 l0
86 [285]
87 [332]
88 [335]
89 [353]
90 [360]
91 [379]
92 l1
93 d1
94 n0
95 h1
96 i1
97 j1
98 [193]
99 [199]
100 [229]
101 [239]
102 [293]
103 [295]
104 [301]
105 [344]
106 [396]
107 [413]
108 [415]
109 [290]
110 [376]
111 [181]
112 [186]
113 [189]
114 [218]
115 [221]
116 [231]
117 [246]
118 [253]
119 [256]
120 [274]
121 [283]
122 [286]
123 [287]
124 [300]
125 [304]
126 [323]
127 [341]
128 [349]
129 [357]
130 [393]
131 r0
132 x1
133 [195]
134 [217]
135 [220]
136 [222]
137 [225]
138 [259]
139 [296]
140 [299]
141 [305]
142 [338]
143 [377]
144 [402]
145 [192]
146 [242]
147 [245]
148 [208]
149 t1
150 [362]
151 [380]
152 [381]
153 [384]
154 [375]
155 [400]
156 u1
157 [419]
158 [371]
159 w0
160 [394]
161 [417]
162 [418]
163 [420]
164 [421]
165 m
166 [206]
167 [388]
168 [407]
169 [232]
170 [251]
171 [408]
172 [235]
173 [201]
174 [390]
175 [207]
176 [410]
177 [198]
178 [187]
179 [204]
180 [255]
181 [258]
182 [264]
183 k0
184 [211]
185 [226]
186 [223]
187 [282]
188 [399]
189 [178]
190 [412]
191 [312]
192 o0
193 [319]
194 [369]
195 [190]
196 [331]
197 s0
198 [183]
199 [267]
200 [270]
201 [273]
202 [276]
203 [279]
204 [322]
205 [302]
206 [326]
207 [334]
208 [337]
209 [340]
210 [350]
211 [347]
212 [330]
213 [405]
214 [308]
215 p
216 m0
217 [250]
218 [366]
219 e1
220 [368]
221 g1
222 [266]
223 k1
224 c0
225 x0
226 [345]
227 [367]
228 [346]
229 i0
230 [281]
231 [373]
232 [389]
233 [359]
234 [298]
235 [343]
236 [374]
237 [216]
238 [219]
239 [244]
240 [252]
241 t0
242 [356]
243 z1
244 [196]
245 [269]
246 [385]
247 [247]
248 [185]
249 [272]
250 [363]
