0 n
1 d
2 h
3 k
4 a
5 l
6 i
7 e
8 m
9 b
10 f
11 c
12 g
13 j
14 o
15 p
16 u
17 g3
18 l2
19 w1
20 p0
21 b4
22 c4
23 z3
24 d4
25 e4
26 h4
27 i4
28 k4
29 [470]
30 [471]
31 [472]
32 [532]
33 [533]
34 [534]
35 [599]
36 [660]
37 [724]
38 [745]
39 [759]
40 [779]
41 [781]
42 [783]
43 [798]
44 [799]
45 [800]
46 t
47 l1
48 b1
49 d1
50 [457]
51 [467]
52 [469]
53 [512]
54 [515]
55 [520]
56 [525]
57 [528]
58 [531]
59 [774]
60 [795]
61 [786]
62 k1
63 m1
64 o1
65 r1
66 o0
67 s0
68 v0
69 g2
70 i2
71 x2
72 y3
73 f4
74 u3
75 l4
76 c3
77 s2
78 [465]
79 [468]
80 [691]
81 [703]
82 [712]
83 [715]
84 h3
85 j3
86 k3
87 l3
88 m3
89 n3
90 d3
91 a4
92 [694]
93 [700]
94 [741]
95 [751]
96 n1
97 p1
98 t1
99 x1
100 b2
101 c2
102 r2
103 [444]
104 [447]
105 [450]
106 [453]
107 [456]
108 [458]
109 [461]
110 [503]
111 [506]
112 [518]
113 [529]
114 [570]
115 [585]
116 [588]
117 [596]
118 [600]
119 [628]
120 [634]
121 [649]
122 [652]
123 [673]
124 [697]
125 [771]
126 [782]
127 q1
128 s1
129 u1
130 q0
131 r0
132 f1
133 v3
134 [500]
135 [591]
136 [655]
137 [709]
138 [717]
139 [718]
140 [752]
141 [753]
142 [784]
143 [430]
144 [431]
145 [670]
146 [674]
147 [687]
148 [714]
149 [749]
150 k2
151 [658]
152 n2
153 o2
154 p2
155 q2
156 b3
157 x3
158 [603]
159 [619]
160 [642]
161 [646]
162 [654]
163 [657]
164 [727]
165 [605]
166 [618]
167 [656]
168 [729]
169 z1
170 a2
171 y0
172 c1
173 g1
174 g4
175 [578]
176 [582]
177 [590]
178 [592]
179 [763]
180 [767]
181 [770]
182 [593]
183 [762]
184 [766]
185 [769]
186 w0
187 x0
188 d2
189 [606]
190 [608]
191 [611]
192 [661]
193 [666]
194 [725]
195 [787]
196 v1
197 [597]
198 m0
199 [542]
200 [464]
201 [483]
202 t0
203 q3
204 [719]
205 [720]
206 [721]
207 [754]
208 [755]
209 [756]
210 z0
211 u2
212 s3
213 w3
214 [730]
215 [750]
216 [764]
217 [728]
218 [765]
219 [748]
220 [473]
221 [476]
222 [479]
223 [482]
224 [486]
225 [489]
226 [490]
227 [493]
228 [491]
229 [536]
230 [539]
231 [541]
232 [545]
233 [548]
234 [550]
235 [552]
236 [556]
237 [551]
238 [558]
239 [560]
240 m2
241 i3
242 y1
243 h1
244 [780]
245 j1
246 [802]
247 [803]
248 s
249 [445]
250 [496]
251 [775]
252 [778]
253 [789]
254 [793]
255 [475]
256 [495]
257 [776]
258 [494]
259 [797]
260 [455]
261 [459]
262 [511]
263 [514]
264 [517]
265 [523]
266 [509]
267 [790]
268 [535]
269 [671]
270 [695]
271 [485]
272 [544]
273 [699]
274 [564]
275 [631]
276 [684]
277 [488]
278 [547]
279 [615]
280 [675]
281 [446]
282 [735]
283 [794]
284 [569]
285 [633]
286 [521]
287 [579]
288 [643]
289 [711]
290 [734]
291 [736]
292 [746]
293 j2
294 [566]
295 [622]
296 [462]
297 [688]
298 [702]
299 [706]
300 [432]
301 [686]
302 t2
303 [640]
304 [685]
305 [742]
306 [647]
307 [743]
308 [692]
309 j4
310 [672]
311 [731]
312 [738]
313 [434]
314 [435]
315 o3
316 [693]
317 [747]
318 [538]
319 [621]
320 [616]
321 [559]
322 [524]
323 [587]
324 [651]
325 [572]
326 [636]
327 [708]
328 [441]
329 [449]
330 [452]
331 [502]
332 [505]
333 [584]
334 [576]
335 [627]
336 [648]
337 [683]
338 [696]
339 [768]
340 [620]
341 [617]
342 [676]
343 [466]
344 [744]
345 [777]
346 [497]
347 [573]
348 [637]
349 [722]
350 [723]
351 [757]
352 [758]
353 [436]
354 [437]
355 [438]
356 [669]
357 [680]
358 [664]
359 [583]
360 a3
361 [609]
362 [639]
363 [645]
364 [726]
365 [612]
366 e1
367 [433]
368 f2
369 [513]
370 [516]
371 [575]
372 [581]
373 [761]
374 [760]
375 [508]
376 [540]
377 [481]
378 [451]
379 [507]
380 [526]
381 e3
382 t3
383 [629]
384 [698]
385 r3
386 v2
387 h2
388 [454]
389 a1
390 i1
391 y2
392 [567]
393 w2
394 z2
395 [625]
396 [632]
397 p3
398 [704]
399 r
400 [478]
401 [484]
402 [487]
403 q
404 [537]
405 [543]
406 [546]
407 [549]
408 [555]
409 [553]
410 f3
411 [705]
412 e2
413 n0
414 [480]
415 [772]
416 [792]
417 [561]
418 [630]
419 [733]
420 [739]
421 [439]
422 [440]
423 [667]
424 v
425 u0
426 [594]
427 [501]
428 [565]
