0 c0
1 i0
2 j0
3 h0
4 d0
5 k0
6 x
7 y
8 v
9 o
10 z
11 a0
12 g0
13 e0
14 f0
15 n
16 q
17 b0
18 u
19 i
20 m
21 r
22 c
23 k
24 l
25 t
26 d
27 s
28 j
29 e
30 f
31 g
32 h
33 b
34 a
35 l0
36 w
37 m0
38 n0
39 o0
40 p0
41 y1
42 a2
43 d2
44 f2
45 h2
46 j2
47 [1558]
48 [1561]
49 [1563]
50 [1567]
51 [1570]
52 [1572]
53 [1575]
54 [1577]
55 [1579]
56 [1583]
57 [1586]
58 [1588]
59 [1591]
60 [1595]
61 [1602]
62 [1604]
63 [1607]
64 [1610]
65 [1612]
66 [1615]
67 [1619]
68 [1623]
69 [1625]
70 [1627]
71 [1631]
72 [1632]
73 [1635]
74 [1636]
75 [1642]
76 [1644]
77 [1646]
78 [1648]
79 [1650]
80 [1652]
81 g1
82 h1
83 i1
84 k1
85 p1
86 q1
87 w1
88 x1
89 z1
90 c2
91 e2
92 g2
93 i2
94 [59]
95 [67]
96 [80]
97 [93]
98 [128]
99 [140]
100 [213]
101 [240]
102 [255]
103 [256]
104 [258]
105 [264]
106 [288]
107 [293]
108 [325]
109 [345]
110 [408]
111 [416]
112 [419]
113 [452]
114 [457]
115 [463]
116 [481]
117 [488]
118 [490]
119 [601]
120 [625]
121 [632]
122 [639]
123 [653]
124 [662]
125 [671]
126 [696]
127 [710]
128 [712]
129 [733]
130 [745]
131 [768]
132 [814]
133 [818]
134 [843]
135 [846]
136 [847]
137 [857]
138 [881]
139 [931]
140 [941]
141 [960]
142 [997]
143 [1016]
144 [1027]
145 [1050]
146 [1058]
147 [1091]
148 [1106]
149 [1121]
150 [1142]
151 [1144]
152 [1155]
153 [1164]
154 [1179]
155 [1301]
156 [1302]
157 [1320]
158 [1325]
159 [1327]
160 [1371]
161 [1392]
162 [1446]
163 [1457]
164 [1463]
165 [1480]
166 [1515]
167 [1517]
168 [1528]
169 [1542]
170 [1545]
171 [1550]
172 [1552]
173 [1554]
174 [1564]
175 [1573]
176 [1580]
177 [1589]
178 [1605]
179 [1613]
180 [1620]
181 [1628]
182 [1633]
183 [1643]
184 [1653]
185 m1
186 s1
187 [64]
188 [68]
189 [76]
190 [96]
191 [109]
192 [181]
193 [206]
194 [221]
195 [241]
196 [252]
197 [254]
198 [260]
199 [266]
200 [319]
201 [355]
202 [378]
203 [390]
204 [405]
205 [503]
206 [583]
207 [643]
208 [644]
209 [765]
210 [783]
211 [794]
212 [797]
213 [802]
214 [804]
215 [826]
216 [837]
217 [853]
218 [876]
219 [889]
220 [901]
221 [914]
222 [919]
223 [939]
224 [948]
225 [955]
226 [967]
227 [972]
228 [984]
229 [1002]
230 [1009]
231 [1032]
232 [1042]
233 [1071]
234 [1085]
235 [1103]
236 [1254]
237 [1303]
238 [1317]
239 [1336]
240 [1384]
241 [1396]
242 [1404]
243 [1410]
244 [1428]
245 [1432]
246 [1445]
247 [1454]
248 [1458]
249 [1471]
250 [1477]
251 [1493]
252 [1502]
253 [77]
254 [97]
255 [148]
256 [465]
257 [493]
258 [579]
259 [635]
260 [642]
261 [679]
262 [719]
263 [761]
264 [786]
265 [796]
266 [805]
267 [819]
268 [845]
269 [918]
270 [951]
271 [971]
272 [986]
273 [988]
274 [1012]
275 [1017]
276 [1046]
277 [1057]
278 [1113]
279 [1125]
280 [1145]
281 [1167]
282 [1184]
283 [1249]
284 [1250]
285 [1544]
286 [98]
287 [118]
288 [125]
289 [130]
290 [143]
291 [154]
292 [209]
293 [239]
294 [248]
295 [251]
296 [263]
297 [265]
298 [267]
299 [268]
300 [271]
301 [280]
302 [348]
303 [381]
304 [411]
305 [427]
306 [431]
307 [447]
308 [474]
309 [509]
310 [586]
311 [591]
312 [621]
313 [651]
314 [682]
315 [727]
316 [769]
317 [798]
318 [817]
319 [829]
320 [841]
321 [842]
322 [866]
323 [879]
324 [892]
325 [905]
326 [958]
327 [970]
328 [979]
329 [1005]
330 [1015]
331 [1025]
332 [1035]
333 [1045]
334 [1047]
335 [1066]
336 [1080]
337 [1094]
338 [1109]
339 [1168]
340 [1194]
341 [1233]
342 [1245]
343 [1275]
344 [1296]
345 [1306]
346 [1323]
347 [1374]
348 [1399]
349 [1423]
350 [1468]
351 [1485]
352 [1534]
353 [1540]
354 [1541]
355 [1553]
356 [1637]
357 [1645]
358 [1647]
359 [1649]
360 [1651]
361 [58]
362 [150]
363 [372]
364 [421]
365 [439]
366 [69]
367 [604]
368 [636]
369 [1056]
370 [1069]
371 [1083]
372 [1097]
373 [1119]
374 [1131]
375 [1140]
376 [1150]
377 [1163]
378 [1178]
379 [1190]
380 [1202]
381 [1536]
382 [1557]
383 [1560]
384 [1562]
385 [1566]
386 [1569]
387 [1578]
388 [1582]
389 [1585]
390 [1592]
391 [1597]
392 [1599]
393 [1601]
394 [1609]
395 [1617]
396 [1618]
397 [1622]
398 [1626]
399 [1630]
400 [1638]
401 [1641]
402 [86]
403 [105]
404 [166]
405 [187]
406 [202]
407 [218]
408 [227]
409 [236]
410 [274]
411 [303]
412 [315]
413 [337]
414 [364]
415 [368]
416 [384]
417 [396]
418 [430]
419 [442]
420 [459]
421 [499]
422 [708]
423 [752]
424 [856]
425 [869]
426 [904]
427 [917]
428 [929]
429 [982]
430 [995]
431 [1175]
432 [1198]
433 [1269]
434 [1287]
435 [1297]
436 [1324]
437 [1387]
438 [1415]
439 [1431]
440 [1441]
441 [1466]
442 [1483]
443 [1496]
444 [1505]
445 [1513]
446 [1514]
447 [1524]
448 [1535]
449 [1543]
450 [1593]
451 [1639]
452 [62]
453 [169]
454 [259]
455 [371]
456 [477]
457 [487]
458 [1231]
459 [1581]
460 [1584]
461 [1608]
462 [1629]
463 [65]
464 [88]
465 [131]
466 [159]
467 [177]
468 [195]
469 [261]
470 [262]
471 [277]
472 [287]
473 [296]
474 [306]
475 [328]
476 [340]
477 [351]
478 [373]
479 [386]
480 [401]
481 [415]
482 [422]
483 [435]
484 [456]
485 [518]
486 [519]
487 [520]
488 [1236]
489 [1556]
490 [1565]
491 [1571]
492 [1574]
493 [1587]
494 [1590]
495 [1596]
496 [1603]
497 [1611]
498 [1621]
499 [1624]
500 [1634]
501 [1640]
502 [1116]
503 [1128]
504 [1187]
505 [184]
506 [199]
507 [312]
508 [361]
509 [772]
510 [926]
511 [992]
512 [1070]
513 [1137]
514 [1172]
515 [1438]
516 [1521]
517 [102]
518 [122]
519 [174]
520 [358]
521 [418]
522 [432]
523 [471]
524 [484]
525 [648]
526 [668]
527 [1022]
528 [1063]
529 [1077]
530 [1243]
531 [1529]
532 [1539]
533 [1547]
534 [1551]
535 [83]
536 [393]
537 [496]
538 [506]
539 [1053]
540 [1284]
541 [1424]
542 [347]
543 [624]
544 [1134]
545 [1160]
546 [1267]
547 [1353]
548 [1484]
549 [155]
550 [207]
551 [216]
552 [233]
553 [283]
554 [1330]
555 [1345]
556 [1351]
557 [1357]
558 [1377]
559 [1390]
560 [1402]
561 [1418]
562 [1444]
563 [1511]
564 [1559]
565 [1568]
566 [1576]
567 [1594]
568 [1598]
569 [1600]
570 [1606]
571 [1614]
572 [1616]
573 [90]
574 [1239]
575 [1084]
576 [1153]
577 [190]
578 [399]
579 [655]
580 [664]
581 [1039]
582 [134]
583 [149]
584 [205]
585 [308]
586 [320]
587 [333]
588 [412]
589 [446]
590 [460]
591 [466]
592 [1255]
593 [1261]
594 [1279]
595 [1328]
596 [1342]
597 [1354]
598 [1403]
599 [1421]
600 [223]
601 [445]
602 [595]
603 [699]
604 [703]
605 [959]
606 [983]
607 [996]
608 [1026]
609 [1141]
610 [172]
611 [286]
612 [299]
613 [511]
614 [512]
615 [1203]
616 [1204]
617 [1205]
618 [157]
619 [234]
620 [318]
621 [331]
622 [343]
623 [516]
624 [517]
625 [1527]
626 [160]
627 [242]
628 [307]
629 [344]
630 [1334]
631 [1349]
632 [1352]
633 [1361]
634 [1364]
635 [1379]
636 [1406]
637 [1433]
638 [1498]
639 [801]
640 [894]
641 [161]
642 [243]
643 [776]
644 [799]
645 [880]
646 [1291]
647 [1309]
648 [1333]
649 [1348]
650 [1360]
651 [1409]
652 [1508]
653 [229]
654 [455]
655 [1459]
656 [1470]
657 [191]
658 [513]
659 [1206]
660 [658]
661 [676]
662 [750]
663 [756]
664 [780]
665 [823]
666 [936]
667 [945]
668 [1074]
669 [1100]
670 [1257]
671 [1341]
672 [1447]
673 [683]
674 [976]
675 [612]
676 [617]
677 [1088]
678 [1248]
679 [22]
680 [549]
681 [545]
682 [17]
683 [542]
684 [13]
685 [539]
686 [9]
687 [536]
688 [532]
689 w0
690 x0
691 y0
692 a1
693 c1
694 e1
695 j1
696 n1
697 r1
698 t1
699 d1
700 f1
701 u1
702 v1
703 z0
704 b1
705 l1
706 o1
707 b2
708 [43]
709 [565]
710 [39]
711 [562]
712 [558]
713 [35]
714 [555]
715 [30]
716 [552]
717 [26]
718 [1219]
719 [3]
720 [66]
721 [73]
722 [92]
723 [126]
724 [138]
725 [211]
726 [237]
727 [249]
728 [228]
729 [222]
730 [210]
731 [137]
732 [400]
733 [413]
734 [116]
735 [107]
736 [87]
737 [599]
738 [622]
739 [626]
740 [638]
741 [637]
742 [660]
743 [669]
744 [694]
745 [731]
746 [743]
747 [748]
748 [741]
749 [739]
750 [736]
751 [730]
752 [701]
753 [698]
754 [693]
755 [665]
756 [659]
757 [656]
758 [615]
759 [613]
760 [606]
761 [603]
762 [597]
763 [592]
764 [589]
765 [585]
766 [582]
767 [577]
768 [1299]
769 [1313]
770 [1312]
771 [1326]
772 [1363]
773 [1290]
774 [1276]
775 [1272]
776 [1266]
777 [1246]
778 [1538]
779 [1237]
780 [1234]
781 [1230]
782 [1224]
783 [63]
784 [74]
785 [94]
786 [108]
787 [176]
788 [192]
789 [220]
790 [250]
791 [257]
792 [219]
793 [142]
794 [350]
795 [385]
796 [581]
797 [640]
798 [775]
799 [790]
800 [788]
801 [770]
802 [747]
803 [744]
804 [738]
805 [732]
806 [729]
807 [893]
808 [723]
809 [721]
810 [930]
811 [940]
812 [695]
813 [692]
814 [690]
815 [684]
816 [661]
817 [652]
818 [610]
819 [607]
820 [1251]
821 [1378]
822 [1391]
823 [1288]
824 [1407]
825 [1281]
826 [1278]
827 [1273]
828 [1467]
829 [1263]
830 [1497]
831 [147]
832 [462]
833 [61]
834 [578]
835 [670]
836 [707]
837 [757]
838 [751]
839 [616]
840 [600]
841 [1120]
842 [1165]
843 [576]
844 [1247]
845 [117]
846 [123]
847 [129]
848 [141]
849 [153]
850 [208]
851 [245]
852 [215]
853 [212]
854 [136]
855 [113]
856 [110]
857 [584]
858 [590]
859 [620]
860 [725]
861 [753]
862 [735]
863 [724]
864 [689]
865 [609]
866 [573]
867 [1232]
868 [1244]
869 [1274]
870 [1295]
871 [1293]
872 [1282]
873 [1270]
874 [1264]
875 [1240]
876 [127]
877 [115]
878 [434]
879 [602]
880 [618]
881 [594]
882 [588]
883 [1154]
884 [1242]
885 [194]
886 [217]
887 [224]
888 [235]
889 [145]
890 [332]
891 [106]
892 [706]
893 [749]
894 [720]
895 [1268]
896 [1286]
897 [1258]
898 [60]
899 [1209]
900 [70]
901 [175]
902 [193]
903 [133]
904 [124]
905 [121]
906 [112]
907 [574]
908 [580]
909 [598]
910 [629]
911 [716]
912 [759]
913 [793]
914 [863]
915 [873]
916 [898]
917 [911]
918 [1180]
919 [833]
920 [964]
921 [1235]
922 [771]
923 [120]
924 [151]
925 [666]
926 [1241]
927 [1283]
928 [1265]
929 [1339]
930 [214]
931 [230]
932 [89]
933 [1238]
934 [654]
935 [663]
936 [132]
937 [146]
938 [139]
939 [119]
940 [1259]
941 [1277]
942 [593]
943 [697]
944 [700]
945 [702]
946 [742]
947 [811]
948 [850]
949 [886]
950 [923]
951 [1311]
952 [1368]
953 [1490]
954 [1451]
955 [1474]
956 [1422]
957 [1512]
958 [760]
959 [791]
960 [800]
961 [803]
962 [806]
963 [858]
964 [906]
965 [1308]
966 [1305]
967 [1285]
968 [1260]
969 [787]
970 [726]
971 [774]
972 [1289]
973 [1307]
974 [173]
975 [685]
976 [1292]
977 [657]
978 [755]
979 [1256]
980 [667]
981 [611]
982 [614]
983 [31]
984 [559]
985 [546]
986 [18]
987 [533]
988 [56]
989 [571]
990 [568]
991 [52]
992 [1229]
993 [48]
994 [529]
995 [526]
996 [1214]
997 [44]
998 [572]
999 [1211]
1000 [72]
1001 [135]
1002 [114]
1003 [91]
1004 [596]
1005 [691]
1006 [728]
1007 [740]
1008 [746]
1009 [737]
1010 [734]
1011 [605]
1012 [587]
1013 [575]
1014 [1310]
1015 [1271]
1016 [789]
1017 [773]
1018 [722]
1019 [704]
1020 [686]
1021 [608]
1022 [1280]
1023 [1262]
1024 [144]
1025 [111]
1026 [521]
1027 [5]
1028 [523]
1029 [57]
