28 30

8 12 26 12 22 26 24 26 21 24 21 25 25 27 23 27 20 23 16 20 18 20 14 18 14 19 10 14 4 10 5 10 13 16 13 17 9 13 2 9 3 9 27 15 11 15 6 11 7 11 0 8 1 8 17 21 19 21 20 22 

20 22 19 21 17 21 1 8 0 8 7 11 6 11 11 15 27 15 3 9 2 9 9 13 13 17 13 16 5 10 4 10 10 14 14 19 14 18 18 20 16 20 20 23 23 27 25 27 21 25 21 24 24 26 22 26 26 12 8 12 

8 12 26 12 0 8 1 8 22 26 24 26 20 22 21 24 16 20 18 20 20 23 17 21 19 21 21 25 13 16 14 18 23 27 9 13 10 14 27 15 2 9 3 9 4 10 5 10 11 15 6 11 7 11 13 17 14 19 25 27 

25 27 14 19 13 17 7 11 6 11 11 15 5 10 4 10 3 9 2 9 27 15 10 14 9 13 23 27 14 18 13 16 21 25 19 21 17 21 20 23 18 20 16 20 21 24 20 22 24 26 22 26 1 8 0 8 26 12 8 12 

11 15 27 15 23 27 25 27 21 25 21 24 24 26 22 26 20 22 16 20 18 20 14 18 14 19 10 14 4 10 5 10 13 16 13 17 9 13 2 9 3 9 26 12 8 12 0 8 1 8 6 11 7 11 17 21 19 21 20 23 

20 23 19 21 17 21 7 11 6 11 1 8 0 8 8 12 26 12 3 9 2 9 9 13 13 17 13 16 5 10 4 10 10 14 14 19 14 18 18 20 16 20 20 22 22 26 24 26 21 24 21 25 25 27 23 27 27 15 11 15 

11 15 27 15 6 11 7 11 23 27 25 27 20 23 21 25 16 20 18 20 20 22 17 21 19 21 21 24 13 16 14 18 22 26 9 13 10 14 26 12 2 9 3 9 4 10 5 10 8 12 0 8 1 8 13 17 14 19 24 26 

24 26 14 19 13 17 1 8 0 8 8 12 5 10 4 10 3 9 2 9 26 12 10 14 9 13 22 26 14 18 13 16 21 24 19 21 17 21 20 22 18 20 16 20 21 25 20 23 25 27 23 27 7 11 6 11 27 15 11 15 

0 8 1 8 2 9 3 9 4 10 5 10 6 11 7 11 8 12 9 13 10 14 11 15 13 16 13 17 14 18 14 19 16 20 17 21 18 20 19 21 20 22 20 23 21 24 21 25 22 26 23 27 24 26 25 27 26 12 27 15 

27 15 26 12 25 27 24 26 23 27 22 26 21 25 21 24 20 23 20 22 19 21 18 20 17 21 16 20 14 19 14 18 13 17 13 16 11 15 10 14 9 13 8 12 7 11 6 11 5 10 4 10 3 9 2 9 1 8 0 8 

0 8 8 12 1 8 2 9 9 13 13 16 13 17 17 21 21 24 21 25 25 27 27 15 24 26 26 12 16 20 20 22 20 23 23 27 22 26 3 9 4 10 10 14 14 18 14 19 19 21 18 20 5 10 6 11 11 15 7 11 

7 11 11 15 6 11 5 10 18 20 19 21 14 19 14 18 10 14 4 10 3 9 22 26 23 27 20 23 20 22 16 20 26 12 24 26 27 15 25 27 21 25 21 24 17 21 13 17 13 16 9 13 2 9 1 8 8 12 0 8 

