28 31

22 24 27 24 26 27 25 26 23 25 17 23 11 17 11 12 3 12 12 20 20 13 4 13 13 19 10 19 18 10 1 10 9 18 0 9 2 11 16 22 21 16 7 16 15 21 14 15 6 15 5 14 8 17 11 9 11 11 11 14 19 22 

19 22 11 14 11 11 11 9 8 17 5 14 6 15 14 15 15 21 7 16 21 16 16 22 2 11 0 9 9 18 1 10 18 10 10 19 13 19 4 13 20 13 12 20 3 12 11 12 11 17 17 23 23 25 25 26 26 27 27 24 22 24 

22 24 27 24 19 22 16 22 26 27 10 19 13 19 21 16 7 16 25 26 18 10 1 10 20 13 4 13 15 21 23 25 9 18 12 20 14 15 6 15 17 23 0 9 11 9 3 12 5 14 8 17 2 11 11 12 11 11 11 14 11 17 

11 17 11 14 11 11 11 12 2 11 8 17 5 14 3 12 11 9 0 9 17 23 6 15 14 15 12 20 9 18 23 25 15 21 4 13 20 13 1 10 18 10 25 26 7 16 21 16 13 19 10 19 26 27 16 22 19 22 27 24 22 24 

0 9 1 10 2 11 3 12 4 13 5 14 6 15 7 16 8 17 9 18 10 19 11 12 11 9 11 11 11 14 11 17 12 20 13 19 14 15 15 21 16 22 17 23 18 10 19 22 20 13 21 16 22 24 23 25 25 26 26 27 27 24 

27 24 26 27 25 26 23 25 22 24 21 16 20 13 19 22 18 10 17 23 16 22 15 21 14 15 13 19 12 20 11 17 11 14 11 11 11 9 11 12 10 19 9 18 8 17 7 16 6 15 5 14 4 13 3 12 2 11 1 10 0 9 

0 9 9 18 18 10 10 19 19 22 22 24 1 10 2 11 11 12 11 9 11 11 11 14 11 17 17 23 23 25 25 26 26 27 27 24 14 15 15 21 21 16 16 22 12 20 20 13 13 19 3 12 4 13 5 14 6 15 7 16 8 17 

8 17 7 16 6 15 5 14 4 13 3 12 13 19 20 13 12 20 16 22 21 16 15 21 14 15 27 24 26 27 25 26 23 25 17 23 11 17 11 14 11 11 11 9 11 12 2 11 1 10 22 24 19 22 10 19 18 10 9 18 0 9 

