81 91

66 74
42 66
48 66
58 48
58 49
25 49
49 67
43 67
56 43
32 56
32 57
65 57
40 65
40 64
41 64
34 41
17 41
4 34
5 34
33 40
16 40
2 33
3 33
57 44
20 44
44 68
46 68
59 46
59 47
23 47
47 69
45 69
21 45
69 77
35 59
35 36
9 36
36 60
39 60
39 61
61 55
31 55
55 72
54 72
54 73
73 81
62 54
30 54
37 62
37 63
38 63
12 38
13 38
63 53
29 53
53 71
51 71
27 51
71 79
10 37
11 37
72 80
14 39
15 39
60 50
26 50
50 70
52 70
28 52
70 78
6 35
7 35
68 76
0 32
1 32
67 75
18 42
19 43
22 46
24 48
35 58
36 61
38 62
41 65
55 73
56 42
57 45
60 51
63 52
64 58
65 56
