66 76

54 62 49 54 49 55 40 55 27 40 18 27 18 28 19 28 3 19 6 19 28 41 28 42 42 57 48 57 32 48 32 47 47 56 56 64 22 32 22 33 23 33 12 23 14 23 11 22 15 22 57 65 2 18 4 18 55 63 53 61 37 53 44 53 29 44 29 43 43 52 36 52 25 36 16 25 16 24 38 24 31 38 31 39 26 39 17 26 1 17 13 17 39 30 20 30 5 20 8 20 30 45 30 46 46 50 34 50 50 58 45 51 35 51 51 59 21 31 9 21 10 21 0 16 7 16 52 60 19 27 20 29 23 32 24 34 24 35 25 37 26 38 33 49 38 25 39 29 40 54 41 56 

41 56 40 54 39 29 38 25 33 49 26 38 25 37 24 35 24 34 23 32 20 29 19 27 52 60 7 16 0 16 10 21 9 21 21 31 51 59 35 51 45 51 50 58 34 50 46 50 30 46 30 45 8 20 5 20 20 30 39 30 13 17 1 17 17 26 26 39 31 39 31 38 38 24 16 24 16 25 25 36 36 52 43 52 29 43 29 44 44 53 37 53 53 61 55 63 4 18 2 18 57 65 15 22 11 22 14 23 12 23 23 33 22 33 22 32 56 64 47 56 32 47 32 48 48 57 42 57 28 42 28 41 6 19 3 19 19 28 18 28 18 27 27 40 40 55 49 55 49 54 54 62 

54 62 49 54 33 49 49 55 22 33 55 63 40 55 11 22 15 22 22 32 27 40 32 47 32 48 23 32 18 27 47 56 48 57 12 23 14 23 2 18 4 18 18 28 56 64 41 56 57 65 42 57 19 28 3 19 6 19 53 61 37 53 44 53 25 37 29 44 16 25 25 36 39 29 29 43 0 16 7 16 16 24 36 52 31 39 39 30 24 34 24 35 38 24 52 60 21 31 30 45 30 46 20 30 34 50 35 51 26 38 9 21 10 21 5 20 8 20 50 58 51 59 17 26 1 17 13 17 19 27 20 29 23 33 26 39 28 41 28 42 31 38 38 25 40 54 43 52 45 51 46 50 

46 50 45 51 43 52 40 54 38 25 31 38 28 42 28 41 26 39 23 33 20 29 19 27 13 17 1 17 17 26 51 59 50 58 8 20 5 20 10 21 9 21 26 38 35 51 34 50 20 30 30 46 30 45 21 31 52 60 38 24 24 35 24 34 39 30 31 39 36 52 16 24 7 16 0 16 29 43 39 29 25 36 16 25 29 44 25 37 44 53 37 53 53 61 6 19 3 19 19 28 42 57 57 65 41 56 56 64 18 28 4 18 2 18 14 23 12 23 48 57 47 56 18 27 23 32 32 48 32 47 27 40 22 32 15 22 11 22 40 55 55 63 22 33 49 55 33 49 49 54 54 62 

56 64 47 56 41 56 28 41 28 42 42 57 48 57 32 48 22 32 22 33 23 33 12 23 14 23 33 49 49 54 40 54 40 55 55 63 27 40 18 27 2 18 4 18 54 62 11 22 15 22 57 65 19 28 3 19 6 19 53 61 37 53 44 53 29 44 29 43 43 52 36 52 25 36 16 25 16 24 38 24 31 38 31 39 26 39 17 26 1 17 13 17 39 30 20 30 5 20 8 20 30 45 30 46 46 50 34 50 50 58 45 51 35 51 51 59 21 31 9 21 10 21 0 16 7 16 52 60 18 28 19 27 20 29 23 32 24 34 24 35 25 37 26 38 32 47 38 25 39 29 49 55 

49 55 39 29 38 25 32 47 26 38 25 37 24 35 24 34 23 32 20 29 19 27 18 28 52 60 7 16 0 16 10 21 9 21 21 31 51 59 35 51 45 51 50 58 34 50 46 50 30 46 30 45 8 20 5 20 20 30 39 30 13 17 1 17 17 26 26 39 31 39 31 38 38 24 16 24 16 25 25 36 36 52 43 52 29 43 29 44 44 53 37 53 53 61 6 19 3 19 19 28 57 65 15 22 11 22 54 62 4 18 2 18 18 27 27 40 55 63 40 55 40 54 49 54 33 49 14 23 12 23 23 33 22 33 22 32 32 48 48 57 42 57 28 42 28 41 41 56 47 56 56 64 

56 64 47 56 41 56 32 47 28 41 22 32 32 48 18 28 28 42 11 22 15 22 22 33 48 57 2 18 4 18 18 27 33 49 23 33 57 65 27 40 19 27 49 54 49 55 12 23 14 23 3 19 6 19 54 62 55 63 53 61 37 53 44 53 25 37 29 44 16 25 25 36 39 29 29 43 0 16 7 16 16 24 36 52 31 39 39 30 24 34 24 35 38 24 52 60 21 31 30 45 30 46 20 30 34 50 35 51 26 38 9 21 10 21 5 20 8 20 50 58 51 59 17 26 1 17 13 17 19 28 20 29 23 32 26 39 31 38 38 25 40 54 40 55 42 57 43 52 45 51 46 50 

46 50 45 51 43 52 42 57 40 55 40 54 38 25 31 38 26 39 23 32 20 29 19 28 13 17 1 17 17 26 51 59 50 58 8 20 5 20 10 21 9 21 26 38 35 51 34 50 20 30 30 46 30 45 21 31 52 60 38 24 24 35 24 34 39 30 31 39 36 52 16 24 7 16 0 16 29 43 39 29 25 36 16 25 29 44 25 37 44 53 37 53 53 61 55 63 54 62 6 19 3 19 14 23 12 23 49 55 49 54 19 27 27 40 57 65 23 33 33 49 18 27 4 18 2 18 48 57 22 33 15 22 11 22 28 42 18 28 32 48 22 32 28 41 32 47 41 56 47 56 56 64 

57 65 48 57 42 57 28 42 28 41 41 56 47 56 32 47 22 32 22 33 23 33 12 23 14 23 33 49 49 54 40 54 40 55 55 63 27 40 18 27 2 18 4 18 54 62 11 22 15 22 56 64 19 28 3 19 6 19 53 61 37 53 44 53 29 44 29 43 43 52 36 52 25 36 16 25 16 24 38 24 31 38 31 39 26 39 17 26 1 17 13 17 39 30 20 30 5 20 8 20 30 45 30 46 46 50 34 50 50 58 45 51 35 51 51 59 21 31 9 21 10 21 0 16 7 16 52 60 18 28 19 27 20 29 23 32 24 34 24 35 25 37 26 38 32 48 38 25 39 29 49 55 

49 55 39 29 38 25 32 48 26 38 25 37 24 35 24 34 23 32 20 29 19 27 18 28 52 60 7 16 0 16 10 21 9 21 21 31 51 59 35 51 45 51 50 58 34 50 46 50 30 46 30 45 8 20 5 20 20 30 39 30 13 17 1 17 17 26 26 39 31 39 31 38 38 24 16 24 16 25 25 36 36 52 43 52 29 43 29 44 44 53 37 53 53 61 6 19 3 19 19 28 56 64 15 22 11 22 54 62 4 18 2 18 18 27 27 40 55 63 40 55 40 54 49 54 33 49 14 23 12 23 23 33 22 33 22 32 32 47 47 56 41 56 28 41 28 42 42 57 48 57 57 65 

57 65 48 57 42 57 32 48 28 42 22 32 32 47 18 28 28 41 11 22 15 22 22 33 47 56 2 18 4 18 18 27 33 49 23 33 56 64 27 40 19 27 49 54 49 55 12 23 14 23 3 19 6 19 54 62 55 63 53 61 37 53 44 53 25 37 29 44 16 25 25 36 39 29 29 43 0 16 7 16 16 24 36 52 31 39 39 30 24 34 24 35 38 24 52 60 21 31 30 45 30 46 20 30 34 50 35 51 26 38 9 21 10 21 5 20 8 20 50 58 51 59 17 26 1 17 13 17 19 28 20 29 23 32 26 39 31 38 38 25 40 54 40 55 41 56 43 52 45 51 46 50 

46 50 45 51 43 52 41 56 40 55 40 54 38 25 31 38 26 39 23 32 20 29 19 28 13 17 1 17 17 26 51 59 50 58 8 20 5 20 10 21 9 21 26 38 35 51 34 50 20 30 30 46 30 45 21 31 52 60 38 24 24 35 24 34 39 30 31 39 36 52 16 24 7 16 0 16 29 43 39 29 25 36 16 25 29 44 25 37 44 53 37 53 53 61 55 63 54 62 6 19 3 19 14 23 12 23 49 55 49 54 19 27 27 40 56 64 23 33 33 49 18 27 4 18 2 18 47 56 22 33 15 22 11 22 28 41 18 28 32 47 22 32 28 42 32 48 42 57 48 57 57 65 

53 61 37 53 44 53 29 44 29 43 43 52 36 52 25 36 16 25 16 24 38 24 31 38 31 39 26 39 17 26 1 17 13 17 39 30 20 30 5 20 8 20 30 45 30 46 46 50 34 50 50 58 45 51 35 51 51 59 21 31 9 21 10 21 0 16 7 16 52 60 54 62 49 54 49 55 40 55 27 40 18 27 18 28 19 28 3 19 6 19 28 41 28 42 42 57 48 57 32 48 32 47 47 56 56 64 22 32 22 33 23 33 12 23 14 23 11 22 15 22 57 65 2 18 4 18 55 63 19 27 20 29 23 32 24 34 24 35 25 37 26 38 33 49 38 25 39 29 40 54 41 56 

41 56 40 54 39 29 38 25 33 49 26 38 25 37 24 35 24 34 23 32 20 29 19 27 55 63 4 18 2 18 57 65 15 22 11 22 14 23 12 23 23 33 22 33 22 32 56 64 47 56 32 47 32 48 48 57 42 57 28 42 28 41 6 19 3 19 19 28 18 28 18 27 27 40 40 55 49 55 49 54 54 62 52 60 7 16 0 16 10 21 9 21 21 31 51 59 35 51 45 51 50 58 34 50 46 50 30 46 30 45 8 20 5 20 20 30 39 30 13 17 1 17 17 26 26 39 31 39 31 38 38 24 16 24 16 25 25 36 36 52 43 52 29 43 29 44 44 53 37 53 53 61 

53 61 37 53 44 53 25 37 29 44 16 25 25 36 39 29 29 43 0 16 7 16 16 24 36 52 31 39 39 30 24 34 24 35 38 24 52 60 21 31 30 45 30 46 20 30 34 50 35 51 26 38 9 21 10 21 5 20 8 20 50 58 51 59 17 26 1 17 13 17 54 62 49 54 33 49 49 55 22 33 55 63 40 55 11 22 15 22 22 32 27 40 32 47 32 48 23 32 18 27 47 56 48 57 12 23 14 23 2 18 4 18 18 28 56 64 41 56 57 65 42 57 19 28 3 19 6 19 19 27 20 29 23 33 26 39 28 41 28 42 31 38 38 25 40 54 43 52 45 51 46 50 

46 50 45 51 43 52 40 54 38 25 31 38 28 42 28 41 26 39 23 33 20 29 19 27 6 19 3 19 19 28 42 57 57 65 41 56 56 64 18 28 4 18 2 18 14 23 12 23 48 57 47 56 18 27 23 32 32 48 32 47 27 40 22 32 15 22 11 22 40 55 55 63 22 33 49 55 33 49 49 54 54 62 13 17 1 17 17 26 51 59 50 58 8 20 5 20 10 21 9 21 26 38 35 51 34 50 20 30 30 46 30 45 21 31 52 60 38 24 24 35 24 34 39 30 31 39 36 52 16 24 7 16 0 16 29 43 39 29 25 36 16 25 29 44 25 37 44 53 37 53 53 61 

50 58 34 50 46 50 30 46 30 45 45 51 35 51 24 35 16 24 16 25 38 25 31 38 31 39 26 39 17 26 1 17 13 17 39 29 20 29 5 20 8 20 29 43 29 44 44 53 37 53 53 61 43 52 36 52 52 60 21 31 9 21 10 21 0 16 7 16 51 59 54 62 49 54 49 55 40 55 27 40 18 27 18 28 19 28 3 19 6 19 28 41 28 42 42 57 48 57 32 48 32 47 47 56 56 64 22 32 22 33 23 33 12 23 14 23 11 22 15 22 57 65 2 18 4 18 55 63 19 27 20 30 23 32 24 34 25 36 25 37 26 38 33 49 38 24 39 30 40 54 41 56 

41 56 40 54 39 30 38 24 33 49 26 38 25 37 25 36 24 34 23 32 20 30 19 27 55 63 4 18 2 18 57 65 15 22 11 22 14 23 12 23 23 33 22 33 22 32 56 64 47 56 32 47 32 48 48 57 42 57 28 42 28 41 6 19 3 19 19 28 18 28 18 27 27 40 40 55 49 55 49 54 54 62 51 59 7 16 0 16 10 21 9 21 21 31 52 60 36 52 43 52 53 61 37 53 44 53 29 44 29 43 8 20 5 20 20 29 39 29 13 17 1 17 17 26 26 39 31 39 31 38 38 25 16 25 16 24 24 35 35 51 45 51 30 45 30 46 46 50 34 50 50 58 

50 58 34 50 46 50 24 34 30 46 16 24 24 35 39 30 30 45 0 16 7 16 16 25 35 51 31 39 39 29 25 36 25 37 38 25 51 59 21 31 29 43 29 44 20 29 36 52 37 53 26 38 9 21 10 21 5 20 8 20 52 60 53 61 17 26 1 17 13 17 54 62 49 54 33 49 49 55 22 33 55 63 40 55 11 22 15 22 22 32 27 40 32 47 32 48 23 32 18 27 47 56 48 57 12 23 14 23 2 18 4 18 18 28 56 64 41 56 57 65 42 57 19 28 3 19 6 19 19 27 20 30 23 33 26 39 28 41 28 42 31 38 38 24 40 54 43 52 44 53 45 51 

45 51 44 53 43 52 40 54 38 24 31 38 28 42 28 41 26 39 23 33 20 30 19 27 6 19 3 19 19 28 42 57 57 65 41 56 56 64 18 28 4 18 2 18 14 23 12 23 48 57 47 56 18 27 23 32 32 48 32 47 27 40 22 32 15 22 11 22 40 55 55 63 22 33 49 55 33 49 49 54 54 62 13 17 1 17 17 26 53 61 52 60 8 20 5 20 10 21 9 21 26 38 37 53 36 52 20 29 29 44 29 43 21 31 51 59 38 25 25 37 25 36 39 29 31 39 35 51 16 25 7 16 0 16 30 45 39 30 24 35 16 24 30 46 24 34 46 50 34 50 50 58 

55 63 49 55 49 54 40 54 27 40 18 27 18 28 19 28 3 19 6 19 28 41 28 42 42 57 48 57 32 48 32 47 47 56 56 64 22 32 22 33 23 33 12 23 14 23 11 22 15 22 57 65 2 18 4 18 54 62 53 61 37 53 44 53 29 44 29 43 43 52 36 52 25 36 16 25 16 24 38 24 31 38 31 39 26 39 17 26 1 17 13 17 39 30 20 30 5 20 8 20 30 45 30 46 46 50 34 50 50 58 45 51 35 51 51 59 21 31 9 21 10 21 0 16 7 16 52 60 19 27 20 29 23 32 24 34 24 35 25 37 26 38 33 49 38 25 39 29 40 55 41 56 

41 56 40 55 39 29 38 25 33 49 26 38 25 37 24 35 24 34 23 32 20 29 19 27 52 60 7 16 0 16 10 21 9 21 21 31 51 59 35 51 45 51 50 58 34 50 46 50 30 46 30 45 8 20 5 20 20 30 39 30 13 17 1 17 17 26 26 39 31 39 31 38 38 24 16 24 16 25 25 36 36 52 43 52 29 43 29 44 44 53 37 53 53 61 54 62 4 18 2 18 57 65 15 22 11 22 14 23 12 23 23 33 22 33 22 32 56 64 47 56 32 47 32 48 48 57 42 57 28 42 28 41 6 19 3 19 19 28 18 28 18 27 27 40 40 54 49 54 49 55 55 63 

55 63 49 55 33 49 49 54 22 33 54 62 40 54 11 22 15 22 22 32 27 40 32 47 32 48 23 32 18 27 47 56 48 57 12 23 14 23 2 18 4 18 18 28 56 64 41 56 57 65 42 57 19 28 3 19 6 19 53 61 37 53 44 53 25 37 29 44 16 25 25 36 39 29 29 43 0 16 7 16 16 24 36 52 31 39 39 30 24 34 24 35 38 24 52 60 21 31 30 45 30 46 20 30 34 50 35 51 26 38 9 21 10 21 5 20 8 20 50 58 51 59 17 26 1 17 13 17 19 27 20 29 23 33 26 39 28 41 28 42 31 38 38 25 40 55 43 52 45 51 46 50 

46 50 45 51 43 52 40 55 38 25 31 38 28 42 28 41 26 39 23 33 20 29 19 27 13 17 1 17 17 26 51 59 50 58 8 20 5 20 10 21 9 21 26 38 35 51 34 50 20 30 30 46 30 45 21 31 52 60 38 24 24 35 24 34 39 30 31 39 36 52 16 24 7 16 0 16 29 43 39 29 25 36 16 25 29 44 25 37 44 53 37 53 53 61 6 19 3 19 19 28 42 57 57 65 41 56 56 64 18 28 4 18 2 18 14 23 12 23 48 57 47 56 18 27 23 32 32 48 32 47 27 40 22 32 15 22 11 22 40 54 54 62 22 33 49 54 33 49 49 55 55 63 

52 60 43 52 36 52 25 36 25 37 37 53 44 53 29 44 39 29 39 30 20 30 5 20 8 20 30 45 30 46 46 50 34 50 24 34 24 35 35 51 51 59 16 24 0 16 7 16 50 58 31 39 31 38 26 38 17 26 1 17 13 17 21 31 9 21 10 21 53 61 54 62 49 54 49 55 40 55 27 40 18 27 18 28 19 28 3 19 6 19 28 41 28 42 42 57 48 57 32 48 32 47 47 56 56 64 22 32 22 33 23 33 12 23 14 23 11 22 15 22 57 65 2 18 4 18 55 63 16 25 19 27 20 29 23 32 26 39 29 43 33 49 38 25 38 24 40 54 41 56 45 51 

45 51 41 56 40 54 38 24 38 25 33 49 29 43 26 39 23 32 20 29 19 27 16 25 55 63 4 18 2 18 57 65 15 22 11 22 14 23 12 23 23 33 22 33 22 32 56 64 47 56 32 47 32 48 48 57 42 57 28 42 28 41 6 19 3 19 19 28 18 28 18 27 27 40 40 55 49 55 49 54 54 62 53 61 10 21 9 21 21 31 13 17 1 17 17 26 26 38 31 38 31 39 50 58 7 16 0 16 16 24 51 59 35 51 24 35 24 34 34 50 46 50 30 46 30 45 8 20 5 20 20 30 39 30 39 29 29 44 44 53 37 53 25 37 25 36 36 52 43 52 52 60 

52 60 43 52 36 52 29 43 25 36 39 29 29 44 16 25 25 37 31 39 39 30 44 53 0 16 7 16 16 24 21 31 31 38 30 45 30 46 20 30 53 61 24 34 24 35 9 21 10 21 26 38 45 51 46 50 5 20 8 20 17 26 51 59 50 58 1 17 13 17 54 62 49 54 33 49 49 55 22 33 55 63 40 55 11 22 15 22 22 32 27 40 32 47 32 48 23 32 18 27 47 56 48 57 12 23 14 23 2 18 4 18 18 28 56 64 41 56 57 65 42 57 19 28 3 19 6 19 19 27 20 29 23 33 26 39 28 41 28 42 34 50 35 51 37 53 38 25 38 24 40 54 

40 54 38 24 38 25 37 53 35 51 34 50 28 42 28 41 26 39 23 33 20 29 19 27 6 19 3 19 19 28 42 57 57 65 41 56 56 64 18 28 4 18 2 18 14 23 12 23 48 57 47 56 18 27 23 32 32 48 32 47 27 40 22 32 15 22 11 22 40 55 55 63 22 33 49 55 33 49 49 54 54 62 13 17 1 17 50 58 51 59 17 26 8 20 5 20 46 50 45 51 26 38 10 21 9 21 24 35 24 34 53 61 20 30 30 46 30 45 31 38 21 31 16 24 7 16 0 16 44 53 39 30 31 39 25 37 16 25 29 44 39 29 25 36 29 43 36 52 43 52 52 60 

51 59 45 51 35 51 24 35 24 34 34 50 46 50 30 46 39 30 39 29 20 29 5 20 8 20 29 43 29 44 44 53 37 53 25 37 25 36 36 52 52 60 16 25 0 16 7 16 53 61 31 39 31 38 26 38 17 26 1 17 13 17 21 31 9 21 10 21 50 58 54 62 49 54 49 55 40 55 27 40 18 27 18 28 19 28 3 19 6 19 28 41 28 42 42 57 48 57 32 48 32 47 47 56 56 64 22 32 22 33 23 33 12 23 14 23 11 22 15 22 57 65 2 18 4 18 55 63 16 24 19 27 20 30 23 32 26 39 30 45 33 49 38 25 38 24 40 54 41 56 43 52 

43 52 41 56 40 54 38 24 38 25 33 49 30 45 26 39 23 32 20 30 19 27 16 24 55 63 4 18 2 18 57 65 15 22 11 22 14 23 12 23 23 33 22 33 22 32 56 64 47 56 32 47 32 48 48 57 42 57 28 42 28 41 6 19 3 19 19 28 18 28 18 27 27 40 40 55 49 55 49 54 54 62 50 58 10 21 9 21 21 31 13 17 1 17 17 26 26 38 31 38 31 39 53 61 7 16 0 16 16 25 52 60 36 52 25 36 25 37 37 53 44 53 29 44 29 43 8 20 5 20 20 29 39 29 39 30 30 46 46 50 34 50 24 34 24 35 35 51 45 51 51 59 

51 59 45 51 35 51 30 45 24 35 39 30 30 46 16 24 24 34 31 39 39 29 46 50 0 16 7 16 16 25 21 31 31 38 29 43 29 44 20 29 50 58 25 36 25 37 9 21 10 21 26 38 43 52 44 53 5 20 8 20 17 26 52 60 53 61 1 17 13 17 54 62 49 54 33 49 49 55 22 33 55 63 40 55 11 22 15 22 22 32 27 40 32 47 32 48 23 32 18 27 47 56 48 57 12 23 14 23 2 18 4 18 18 28 56 64 41 56 57 65 42 57 19 28 3 19 6 19 19 27 20 30 23 33 26 39 28 41 28 42 34 50 36 52 37 53 38 25 38 24 40 54 

40 54 38 24 38 25 37 53 36 52 34 50 28 42 28 41 26 39 23 33 20 30 19 27 6 19 3 19 19 28 42 57 57 65 41 56 56 64 18 28 4 18 2 18 14 23 12 23 48 57 47 56 18 27 23 32 32 48 32 47 27 40 22 32 15 22 11 22 40 55 55 63 22 33 49 55 33 49 49 54 54 62 13 17 1 17 53 61 52 60 17 26 8 20 5 20 44 53 43 52 26 38 10 21 9 21 25 37 25 36 50 58 20 29 29 44 29 43 31 38 21 31 16 25 7 16 0 16 46 50 39 29 31 39 24 34 16 24 30 46 39 30 24 35 30 45 35 51 45 51 51 59 

0 16 1 17 2 18 3 19 4 18 5 20 6 19 7 16 8 20 9 21 10 21 11 22 12 23 13 17 14 23 15 22 16 24 16 25 17 26 18 27 18 28 19 27 19 28 20 29 20 30 21 31 22 32 22 33 23 33 23 32 24 34 24 35 25 36 25 37 26 38 26 39 27 40 28 41 28 42 29 43 29 44 30 45 30 46 31 38 31 39 32 47 32 48 33 49 34 50 35 51 36 52 37 53 38 25 38 24 39 30 39 29 40 54 40 55 41 56 42 57 43 52 44 53 45 51 46 50 47 56 48 57 49 54 49 55 50 58 51 59 52 60 53 61 54 62 55 63 56 64 57 65 

57 65 56 64 55 63 54 62 53 61 52 60 51 59 50 58 49 55 49 54 48 57 47 56 46 50 45 51 44 53 43 52 42 57 41 56 40 55 40 54 39 29 39 30 38 24 38 25 37 53 36 52 35 51 34 50 33 49 32 48 32 47 31 39 31 38 30 46 30 45 29 44 29 43 28 42 28 41 27 40 26 39 26 38 25 37 25 36 24 35 24 34 23 32 23 33 22 33 22 32 21 31 20 30 20 29 19 28 19 27 18 28 18 27 17 26 16 25 16 24 15 22 14 23 13 17 12 23 11 22 10 21 9 21 8 20 7 16 6 19 5 20 4 18 3 19 2 18 1 17 0 16 

0 16 16 24 16 25 25 36 25 37 37 53 53 61 36 52 52 60 24 34 24 35 35 51 51 59 34 50 50 58 1 17 17 26 26 38 26 39 39 30 39 29 29 43 29 44 44 53 43 52 30 45 30 46 46 50 45 51 38 25 38 24 2 18 18 27 18 28 28 41 28 42 42 57 57 65 41 56 56 64 27 40 40 54 40 55 55 63 54 62 3 19 19 27 19 28 4 18 5 20 20 29 20 30 6 19 7 16 8 20 9 21 21 31 31 38 31 39 10 21 11 22 22 32 22 33 33 49 49 54 49 55 32 47 32 48 48 57 47 56 12 23 23 33 23 32 13 17 14 23 15 22 

15 22 14 23 13 17 23 32 23 33 12 23 47 56 48 57 32 48 32 47 49 55 49 54 33 49 22 33 22 32 11 22 10 21 31 39 31 38 21 31 9 21 8 20 7 16 6 19 20 30 20 29 5 20 4 18 19 28 19 27 3 19 54 62 55 63 40 55 40 54 27 40 56 64 41 56 57 65 42 57 28 42 28 41 18 28 18 27 2 18 38 24 38 25 45 51 46 50 30 46 30 45 43 52 44 53 29 44 29 43 39 29 39 30 26 39 26 38 17 26 1 17 50 58 34 50 51 59 35 51 24 35 24 34 52 60 36 52 53 61 37 53 25 37 25 36 16 25 16 24 0 16 

