82 91

0 32
1 32
2 33
3 33
4 34
5 34
6 35
7 35
9 36
10 37
11 37
12 38
13 38
14 39
15 39
16 40
17 41
18 42
19 43
20 44
21 45
22 46
23 47
24 48
25 49
26 50
27 51
28 52
29 53
30 54
31 55
32 56
32 57
33 40
34 41
35 58
35 59
35 36
36 60
36 61
37 62
37 63
38 62
38 63
39 60
39 61
40 64
40 65
41 64
41 65
42 66
43 67
44 68
45 69
46 68
47 69
48 66
49 67
50 70
51 71
52 70
53 71
54 72
54 73
55 72
55 73
56 42
56 43
57 44
57 45
58 48
58 49
59 46
59 47
60 50
60 51
61 55
62 54
63 53
63 52
64 58
65 56
65 57
66 74
67 75
68 76
69 77
70 78
71 79
72 80
73 81

0
1
2
3
4
5
6
7
8
9
10
11
12
13
14
15
16
17
18
19
20
21
22
23
24
25
26
27
28
29
30
31
8
74
76
77
75
78
79
80
81
