82 91

66 74 42 66 48 66 58 48 58 49 25 49 49 67 43 67 56 43 32 56 32 57 65 57 40 65 40 64 41 64 34 41 17 41 4 34 5 34 33 40 16 40 2 33 3 33 57 44 20 44 44 68 46 68 59 46 59 47 23 47 47 69 45 69 21 45 69 77 35 59 35 36 9 36 36 60 39 60 39 61 61 55 31 55 55 72 54 72 54 73 73 81 62 54 30 54 37 62 37 63 38 63 12 38 13 38 63 53 29 53 53 71 51 71 27 51 71 79 10 37 11 37 72 80 14 39 15 39 60 50 26 50 50 70 52 70 28 52 70 78 6 35 7 35 68 76 0 32 1 32 67 75 18 42 19 43 22 46 24 48 35 58 36 61 38 62 41 65 55 73 56 42 57 45 60 51 63 52 64 58 65 56 

65 56 64 58 63 52 60 51 57 45 56 42 55 73 41 65 38 62 36 61 35 58 24 48 22 46 19 43 18 42 67 75 1 32 0 32 68 76 7 35 6 35 70 78 28 52 52 70 50 70 26 50 60 50 15 39 14 39 72 80 11 37 10 37 71 79 27 51 51 71 53 71 29 53 63 53 13 38 12 38 38 63 37 63 37 62 30 54 62 54 73 81 54 73 54 72 55 72 31 55 61 55 39 61 39 60 36 60 9 36 35 36 35 59 69 77 21 45 45 69 47 69 23 47 59 47 59 46 46 68 44 68 20 44 57 44 3 33 2 33 16 40 33 40 5 34 4 34 17 41 34 41 41 64 40 64 40 65 65 57 32 57 32 56 56 43 43 67 49 67 25 49 58 49 58 48 48 66 42 66 66 74 

66 74 42 66 48 66 56 42 58 48 32 56 56 43 35 58 58 49 0 32 1 32 32 57 43 67 19 43 6 35 7 35 35 59 35 36 25 49 57 44 65 57 67 75 59 46 59 47 36 60 9 36 44 68 20 44 40 65 22 46 47 69 23 47 60 50 39 60 68 76 33 40 16 40 40 64 69 77 45 69 50 70 26 50 14 39 15 39 39 61 2 33 3 33 41 64 21 45 70 78 52 70 61 55 34 41 17 41 63 52 55 72 31 55 4 34 5 34 37 63 63 53 72 80 54 72 10 37 11 37 37 62 53 71 29 53 30 54 54 73 38 62 71 79 51 71 73 81 12 38 13 38 27 51 18 42 24 48 28 52 36 61 38 63 41 65 46 68 49 67 55 73 57 45 60 51 62 54 64 58 65 56 

65 56 64 58 62 54 60 51 57 45 55 73 49 67 46 68 41 65 38 63 36 61 28 52 24 48 18 42 27 51 13 38 12 38 73 81 51 71 71 79 38 62 54 73 30 54 29 53 53 71 37 62 11 37 10 37 54 72 72 80 63 53 37 63 5 34 4 34 31 55 55 72 63 52 17 41 34 41 61 55 52 70 70 78 21 45 41 64 3 33 2 33 39 61 15 39 14 39 26 50 50 70 45 69 69 77 40 64 16 40 33 40 68 76 39 60 60 50 23 47 47 69 22 46 40 65 20 44 44 68 9 36 36 60 59 47 59 46 67 75 65 57 57 44 25 49 35 36 35 59 7 35 6 35 19 43 43 67 32 57 1 32 0 32 58 49 35 58 56 43 32 56 58 48 56 42 48 66 42 66 66 74 

66 74 42 66 48 66 58 48 58 49 25 49 49 67 43 67 56 43 32 56 32 57 65 57 40 65 40 64 41 64 34 41 17 41 4 34 5 34 33 40 16 40 2 33 3 33 57 44 20 44 44 68 46 68 59 46 59 47 23 47 47 69 45 69 21 45 69 77 35 59 35 36 9 36 36 60 39 60 39 61 61 55 31 55 55 72 54 72 54 73 73 81 62 54 30 54 37 62 37 63 38 63 12 38 13 38 63 53 29 53 53 71 51 71 27 51 71 79 10 37 11 37 72 80 14 39 15 39 60 50 26 50 50 70 52 70 28 52 70 78 6 35 7 35 68 76 0 32 1 32 67 75 18 42 19 43 22 46 24 48 35 58 36 61 38 62 41 65 55 73 56 42 57 45 60 51 63 52 64 58 65 56 

65 56 64 58 63 52 60 51 57 45 56 42 55 73 41 65 38 62 36 61 35 58 24 48 22 46 19 43 18 42 67 75 1 32 0 32 68 76 7 35 6 35 70 78 28 52 52 70 50 70 26 50 60 50 15 39 14 39 72 80 11 37 10 37 71 79 27 51 51 71 53 71 29 53 63 53 13 38 12 38 38 63 37 63 37 62 30 54 62 54 73 81 54 73 54 72 55 72 31 55 61 55 39 61 39 60 36 60 9 36 35 36 35 59 69 77 21 45 45 69 47 69 23 47 59 47 59 46 46 68 44 68 20 44 57 44 3 33 2 33 16 40 33 40 5 34 4 34 17 41 34 41 41 64 40 64 40 65 65 57 32 57 32 56 56 43 43 67 49 67 25 49 58 49 58 48 48 66 42 66 66 74 

66 74 42 66 48 66 56 42 58 48 32 56 56 43 35 58 58 49 0 32 1 32 32 57 43 67 19 43 6 35 7 35 35 59 35 36 25 49 57 44 65 57 67 75 59 46 59 47 36 60 9 36 44 68 20 44 40 65 22 46 47 69 23 47 60 50 39 60 68 76 33 40 16 40 40 64 69 77 45 69 50 70 26 50 14 39 15 39 39 61 2 33 3 33 41 64 21 45 70 78 52 70 61 55 34 41 17 41 63 52 55 72 31 55 4 34 5 34 37 63 63 53 72 80 54 72 10 37 11 37 37 62 53 71 29 53 30 54 54 73 38 62 71 79 51 71 73 81 12 38 13 38 27 51 18 42 24 48 28 52 36 61 38 63 41 65 46 68 49 67 55 73 57 45 60 51 62 54 64 58 65 56 

65 56 64 58 62 54 60 51 57 45 55 73 49 67 46 68 41 65 38 63 36 61 28 52 24 48 18 42 27 51 13 38 12 38 73 81 51 71 71 79 38 62 54 73 30 54 29 53 53 71 37 62 11 37 10 37 54 72 72 80 63 53 37 63 5 34 4 34 31 55 55 72 63 52 17 41 34 41 61 55 52 70 70 78 21 45 41 64 3 33 2 33 39 61 15 39 14 39 26 50 50 70 45 69 69 77 40 64 16 40 33 40 68 76 39 60 60 50 23 47 47 69 22 46 40 65 20 44 44 68 9 36 36 60 59 47 59 46 67 75 65 57 57 44 25 49 35 36 35 59 7 35 6 35 19 43 43 67 32 57 1 32 0 32 58 49 35 58 56 43 32 56 58 48 56 42 48 66 42 66 66 74 

68 76 44 68 46 68 59 46 59 47 23 47 47 69 45 69 57 45 32 57 32 56 65 56 40 65 40 64 41 64 34 41 17 41 4 34 5 34 64 58 35 58 35 36 9 36 36 60 39 60 39 61 61 55 31 55 55 72 54 72 54 73 73 81 62 54 30 54 37 62 37 63 38 63 12 38 13 38 63 53 29 53 53 71 51 71 27 51 71 79 10 37 11 37 72 80 14 39 15 39 60 50 26 50 50 70 52 70 28 52 70 78 6 35 7 35 58 48 24 48 48 66 42 66 18 42 66 74 33 40 16 40 2 33 3 33 56 43 19 43 43 67 49 67 25 49 67 75 0 32 1 32 69 77 20 44 21 45 22 46 35 59 36 61 38 62 41 65 55 73 56 42 57 44 58 49 60 51 63 52 65 57 

65 57 63 52 60 51 58 49 57 44 56 42 55 73 41 65 38 62 36 61 35 59 22 46 21 45 20 44 69 77 1 32 0 32 67 75 25 49 49 67 43 67 19 43 56 43 3 33 2 33 16 40 33 40 66 74 18 42 42 66 48 66 24 48 58 48 7 35 6 35 70 78 28 52 52 70 50 70 26 50 60 50 15 39 14 39 72 80 11 37 10 37 71 79 27 51 51 71 53 71 29 53 63 53 13 38 12 38 38 63 37 63 37 62 30 54 62 54 73 81 54 73 54 72 55 72 31 55 61 55 39 61 39 60 36 60 9 36 35 36 35 58 64 58 5 34 4 34 17 41 34 41 41 64 40 64 40 65 65 56 32 56 32 57 57 45 45 69 47 69 23 47 59 47 59 46 46 68 44 68 68 76 

68 76 44 68 46 68 57 44 59 46 32 57 57 45 35 59 59 47 0 32 1 32 32 56 45 69 21 45 6 35 7 35 35 58 23 47 56 42 65 56 69 77 58 48 64 58 42 66 18 42 40 65 24 48 41 64 66 74 33 40 16 40 34 41 17 41 2 33 3 33 4 34 5 34 67 75 43 67 49 67 19 43 25 49 70 78 50 70 52 70 60 50 63 52 36 60 60 51 37 63 63 53 9 36 36 61 51 71 27 51 10 37 11 37 37 62 29 53 61 55 39 61 71 79 62 54 38 62 55 72 31 55 14 39 15 39 54 73 30 54 12 38 13 38 72 80 73 81 20 44 22 46 26 50 28 52 35 36 38 63 39 60 40 64 41 65 47 69 48 66 53 71 54 72 55 73 56 43 58 49 65 57 

65 57 58 49 56 43 55 73 54 72 53 71 48 66 47 69 41 65 40 64 39 60 38 63 35 36 28 52 26 50 22 46 20 44 73 81 72 80 13 38 12 38 30 54 54 73 15 39 14 39 31 55 55 72 38 62 62 54 71 79 39 61 61 55 29 53 37 62 11 37 10 37 27 51 51 71 36 61 9 36 63 53 37 63 60 51 36 60 63 52 60 50 52 70 50 70 70 78 25 49 19 43 49 67 43 67 67 75 5 34 4 34 3 33 2 33 17 41 34 41 16 40 33 40 66 74 41 64 24 48 40 65 18 42 42 66 64 58 58 48 69 77 65 56 56 42 23 47 35 58 7 35 6 35 21 45 45 69 32 56 1 32 0 32 59 47 35 59 57 45 32 57 59 46 57 44 46 68 44 68 68 76 

69 77 45 69 47 69 59 47 59 46 22 46 46 68 44 68 57 44 32 57 32 56 65 56 40 65 40 64 41 64 34 41 17 41 4 34 5 34 64 58 35 58 35 36 9 36 36 60 39 60 39 61 61 55 31 55 55 72 54 72 54 73 73 81 62 54 30 54 37 62 37 63 38 63 12 38 13 38 63 53 29 53 53 71 51 71 27 51 71 79 10 37 11 37 72 80 14 39 15 39 60 50 26 50 50 70 52 70 28 52 70 78 6 35 7 35 58 48 24 48 48 66 42 66 18 42 66 74 33 40 16 40 2 33 3 33 56 43 19 43 43 67 49 67 25 49 67 75 0 32 1 32 68 76 21 45 20 44 23 47 35 59 36 61 38 62 41 65 55 73 56 42 57 45 58 49 60 51 63 52 65 57 

65 57 63 52 60 51 58 49 57 45 56 42 55 73 41 65 38 62 36 61 35 59 23 47 20 44 21 45 68 76 1 32 0 32 67 75 25 49 49 67 43 67 19 43 56 43 3 33 2 33 16 40 33 40 66 74 18 42 42 66 48 66 24 48 58 48 7 35 6 35 70 78 28 52 52 70 50 70 26 50 60 50 15 39 14 39 72 80 11 37 10 37 71 79 27 51 51 71 53 71 29 53 63 53 13 38 12 38 38 63 37 63 37 62 30 54 62 54 73 81 54 73 54 72 55 72 31 55 61 55 39 61 39 60 36 60 9 36 35 36 35 58 64 58 5 34 4 34 17 41 34 41 41 64 40 64 40 65 65 56 32 56 32 57 57 44 44 68 46 68 22 46 59 46 59 47 47 69 45 69 69 77 

69 77 45 69 47 69 57 45 59 47 32 57 57 44 35 59 59 46 0 32 1 32 32 56 44 68 20 44 6 35 7 35 35 58 22 46 56 42 65 56 68 76 58 48 64 58 42 66 18 42 40 65 24 48 41 64 66 74 33 40 16 40 34 41 17 41 2 33 3 33 4 34 5 34 67 75 43 67 49 67 19 43 25 49 70 78 50 70 52 70 60 50 63 52 36 60 60 51 37 63 63 53 9 36 36 61 51 71 27 51 10 37 11 37 37 62 29 53 61 55 39 61 71 79 62 54 38 62 55 72 31 55 14 39 15 39 54 73 30 54 12 38 13 38 72 80 73 81 21 45 23 47 26 50 28 52 35 36 38 63 39 60 40 64 41 65 46 68 48 66 53 71 54 72 55 73 56 43 58 49 65 57 

65 57 58 49 56 43 55 73 54 72 53 71 48 66 46 68 41 65 40 64 39 60 38 63 35 36 28 52 26 50 23 47 21 45 73 81 72 80 13 38 12 38 30 54 54 73 15 39 14 39 31 55 55 72 38 62 62 54 71 79 39 61 61 55 29 53 37 62 11 37 10 37 27 51 51 71 36 61 9 36 63 53 37 63 60 51 36 60 63 52 60 50 52 70 50 70 70 78 25 49 19 43 49 67 43 67 67 75 5 34 4 34 3 33 2 33 17 41 34 41 16 40 33 40 66 74 41 64 24 48 40 65 18 42 42 66 64 58 58 48 68 76 65 56 56 42 22 46 35 58 7 35 6 35 20 44 44 68 32 56 1 32 0 32 59 46 35 59 57 44 32 57 59 47 57 45 47 69 45 69 69 77 

67 75 43 67 49 67 58 49 58 48 24 48 48 66 42 66 56 42 32 56 32 57 65 57 40 65 40 64 41 64 34 41 17 41 4 34 5 34 33 40 16 40 2 33 3 33 57 44 20 44 44 68 46 68 59 46 59 47 23 47 47 69 45 69 21 45 69 77 35 59 35 36 9 36 36 60 39 60 39 61 61 55 31 55 55 72 54 72 54 73 73 81 62 54 30 54 37 62 37 63 38 63 12 38 13 38 63 53 29 53 53 71 51 71 27 51 71 79 10 37 11 37 72 80 14 39 15 39 60 50 26 50 50 70 52 70 28 52 70 78 6 35 7 35 68 76 0 32 1 32 66 74 19 43 18 42 22 46 25 49 35 58 36 61 38 62 41 65 55 73 56 43 57 45 60 51 63 52 64 58 65 56 

65 56 64 58 63 52 60 51 57 45 56 43 55 73 41 65 38 62 36 61 35 58 25 49 22 46 18 42 19 43 66 74 1 32 0 32 68 76 7 35 6 35 70 78 28 52 52 70 50 70 26 50 60 50 15 39 14 39 72 80 11 37 10 37 71 79 27 51 51 71 53 71 29 53 63 53 13 38 12 38 38 63 37 63 37 62 30 54 62 54 73 81 54 73 54 72 55 72 31 55 61 55 39 61 39 60 36 60 9 36 35 36 35 59 69 77 21 45 45 69 47 69 23 47 59 47 59 46 46 68 44 68 20 44 57 44 3 33 2 33 16 40 33 40 5 34 4 34 17 41 34 41 41 64 40 64 40 65 65 57 32 57 32 56 56 42 42 66 48 66 24 48 58 48 58 49 49 67 43 67 67 75 

67 75 43 67 49 67 56 43 58 49 32 56 56 42 35 58 58 48 0 32 1 32 32 57 42 66 18 42 6 35 7 35 35 59 35 36 24 48 57 44 65 57 66 74 59 46 59 47 36 60 9 36 44 68 20 44 40 65 22 46 47 69 23 47 60 50 39 60 68 76 33 40 16 40 40 64 69 77 45 69 50 70 26 50 14 39 15 39 39 61 2 33 3 33 41 64 21 45 70 78 52 70 61 55 34 41 17 41 63 52 55 72 31 55 4 34 5 34 37 63 63 53 72 80 54 72 10 37 11 37 37 62 53 71 29 53 30 54 54 73 38 62 71 79 51 71 73 81 12 38 13 38 27 51 19 43 25 49 28 52 36 61 38 63 41 65 46 68 48 66 55 73 57 45 60 51 62 54 64 58 65 56 

65 56 64 58 62 54 60 51 57 45 55 73 48 66 46 68 41 65 38 63 36 61 28 52 25 49 19 43 27 51 13 38 12 38 73 81 51 71 71 79 38 62 54 73 30 54 29 53 53 71 37 62 11 37 10 37 54 72 72 80 63 53 37 63 5 34 4 34 31 55 55 72 63 52 17 41 34 41 61 55 52 70 70 78 21 45 41 64 3 33 2 33 39 61 15 39 14 39 26 50 50 70 45 69 69 77 40 64 16 40 33 40 68 76 39 60 60 50 23 47 47 69 22 46 40 65 20 44 44 68 9 36 36 60 59 47 59 46 66 74 65 57 57 44 24 48 35 36 35 59 7 35 6 35 18 42 42 66 32 57 1 32 0 32 58 48 35 58 56 42 32 56 58 49 56 43 49 67 43 67 67 75 

70 78 50 70 52 70 63 52 63 53 29 53 53 71 51 71 60 51 36 60 36 61 39 61 14 39 15 39 61 55 31 55 55 72 54 72 54 73 73 81 62 54 30 54 37 62 10 37 11 37 72 80 35 36 35 58 64 58 40 64 40 65 41 65 34 41 17 41 4 34 5 34 65 56 32 56 32 57 57 44 20 44 44 68 46 68 59 46 59 47 23 47 47 69 45 69 21 45 69 77 68 76 0 32 1 32 56 42 18 42 42 66 48 66 24 48 66 74 33 40 16 40 2 33 3 33 58 49 25 49 49 67 43 67 19 43 67 75 6 35 7 35 71 79 38 63 12 38 13 38 26 50 9 36 22 46 27 51 28 52 35 59 37 63 38 62 39 60 41 64 55 73 56 43 57 45 58 48 60 50 65 57 

65 57 60 50 58 48 57 45 56 43 55 73 41 64 39 60 38 62 37 63 35 59 28 52 27 51 22 46 9 36 26 50 13 38 12 38 38 63 71 79 7 35 6 35 67 75 19 43 43 67 49 67 25 49 58 49 3 33 2 33 16 40 33 40 66 74 24 48 48 66 42 66 18 42 56 42 1 32 0 32 68 76 69 77 21 45 45 69 47 69 23 47 59 47 59 46 46 68 44 68 20 44 57 44 32 57 32 56 65 56 5 34 4 34 17 41 34 41 41 65 40 65 40 64 64 58 35 58 35 36 72 80 11 37 10 37 37 62 30 54 62 54 73 81 54 73 54 72 55 72 31 55 61 55 15 39 14 39 39 61 36 61 36 60 60 51 51 71 53 71 29 53 63 53 63 52 52 70 50 70 70 78 

70 78 50 70 52 70 60 50 63 52 36 60 60 51 37 63 63 53 35 36 36 61 51 71 27 51 10 37 11 37 37 62 29 53 6 35 7 35 35 58 61 55 39 61 71 79 62 54 38 62 58 48 64 58 55 72 31 55 14 39 15 39 54 73 30 54 12 38 13 38 48 66 24 48 40 64 72 80 73 81 66 74 42 66 33 40 16 40 40 65 56 42 2 33 3 33 65 57 41 65 32 56 56 43 57 44 34 41 17 41 0 32 1 32 43 67 19 43 44 68 20 44 4 34 5 34 67 75 49 67 68 76 46 68 25 49 59 46 59 47 47 69 23 47 69 77 45 69 21 45 9 36 18 42 22 46 26 50 28 52 32 57 35 59 38 63 39 60 41 64 53 71 54 72 55 73 57 45 58 49 65 56 

65 56 58 49 57 45 55 73 54 72 53 71 41 64 39 60 38 63 35 59 32 57 28 52 26 50 22 46 18 42 9 36 21 45 45 69 69 77 23 47 47 69 59 47 59 46 25 49 46 68 68 76 49 67 67 75 5 34 4 34 20 44 44 68 19 43 43 67 1 32 0 32 17 41 34 41 57 44 56 43 32 56 41 65 65 57 3 33 2 33 56 42 40 65 16 40 33 40 42 66 66 74 73 81 72 80 40 64 24 48 48 66 13 38 12 38 30 54 54 73 15 39 14 39 31 55 55 72 64 58 58 48 38 62 62 54 71 79 39 61 61 55 35 58 7 35 6 35 29 53 37 62 11 37 10 37 27 51 51 71 36 61 35 36 63 53 37 63 60 51 36 60 63 52 60 50 52 70 50 70 70 78 

71 79 51 71 53 71 63 53 63 52 28 52 52 70 50 70 60 50 36 60 36 61 39 61 14 39 15 39 61 55 31 55 55 72 54 72 54 73 73 81 62 54 30 54 37 62 10 37 11 37 72 80 35 36 35 58 64 58 40 64 40 65 41 65 34 41 17 41 4 34 5 34 65 56 32 56 32 57 57 44 20 44 44 68 46 68 59 46 59 47 23 47 47 69 45 69 21 45 69 77 68 76 0 32 1 32 56 42 18 42 42 66 48 66 24 48 66 74 33 40 16 40 2 33 3 33 58 49 25 49 49 67 43 67 19 43 67 75 6 35 7 35 70 78 38 63 12 38 13 38 27 51 9 36 22 46 26 50 29 53 35 59 37 63 38 62 39 60 41 64 55 73 56 43 57 45 58 48 60 51 65 57 

65 57 60 51 58 48 57 45 56 43 55 73 41 64 39 60 38 62 37 63 35 59 29 53 26 50 22 46 9 36 27 51 13 38 12 38 38 63 70 78 7 35 6 35 67 75 19 43 43 67 49 67 25 49 58 49 3 33 2 33 16 40 33 40 66 74 24 48 48 66 42 66 18 42 56 42 1 32 0 32 68 76 69 77 21 45 45 69 47 69 23 47 59 47 59 46 46 68 44 68 20 44 57 44 32 57 32 56 65 56 5 34 4 34 17 41 34 41 41 65 40 65 40 64 64 58 35 58 35 36 72 80 11 37 10 37 37 62 30 54 62 54 73 81 54 73 54 72 55 72 31 55 61 55 15 39 14 39 39 61 36 61 36 60 60 50 50 70 52 70 28 52 63 52 63 53 53 71 51 71 71 79 

71 79 51 71 53 71 60 51 63 53 36 60 60 50 37 63 63 52 35 36 36 61 50 70 26 50 10 37 11 37 37 62 28 52 6 35 7 35 35 58 61 55 39 61 70 78 62 54 38 62 58 48 64 58 55 72 31 55 14 39 15 39 54 73 30 54 12 38 13 38 48 66 24 48 40 64 72 80 73 81 66 74 42 66 33 40 16 40 40 65 56 42 2 33 3 33 65 57 41 65 32 56 56 43 57 44 34 41 17 41 0 32 1 32 43 67 19 43 44 68 20 44 4 34 5 34 67 75 49 67 68 76 46 68 25 49 59 46 59 47 47 69 23 47 69 77 45 69 21 45 9 36 18 42 22 46 27 51 29 53 32 57 35 59 38 63 39 60 41 64 52 70 54 72 55 73 57 45 58 49 65 56 

65 56 58 49 57 45 55 73 54 72 52 70 41 64 39 60 38 63 35 59 32 57 29 53 27 51 22 46 18 42 9 36 21 45 45 69 69 77 23 47 47 69 59 47 59 46 25 49 46 68 68 76 49 67 67 75 5 34 4 34 20 44 44 68 19 43 43 67 1 32 0 32 17 41 34 41 57 44 56 43 32 56 41 65 65 57 3 33 2 33 56 42 40 65 16 40 33 40 42 66 66 74 73 81 72 80 40 64 24 48 48 66 13 38 12 38 30 54 54 73 15 39 14 39 31 55 55 72 64 58 58 48 38 62 62 54 70 78 39 61 61 55 35 58 7 35 6 35 28 52 37 62 11 37 10 37 26 50 50 70 36 61 35 36 63 52 37 63 60 50 36 60 63 53 60 51 53 71 51 71 71 79 

72 80 54 72 54 73 55 73 61 55 31 55 36 61 36 60 39 60 14 39 15 39 60 50 26 50 50 70 52 70 63 52 63 53 29 53 53 71 51 71 27 51 71 79 37 63 37 62 38 62 12 38 13 38 10 37 11 37 70 78 35 36 35 58 64 58 40 64 40 65 41 65 34 41 17 41 4 34 5 34 65 56 32 56 32 57 57 44 20 44 44 68 46 68 59 46 59 47 23 47 47 69 45 69 21 45 69 77 68 76 0 32 1 32 56 42 18 42 42 66 48 66 24 48 66 74 33 40 16 40 2 33 3 33 58 49 25 49 49 67 43 67 19 43 67 75 6 35 7 35 73 81 30 54 9 36 22 46 28 52 35 59 38 63 39 61 41 64 55 72 56 43 57 45 58 48 60 51 62 54 65 57 

65 57 62 54 60 51 58 48 57 45 56 43 55 72 41 64 39 61 38 63 35 59 28 52 22 46 9 36 30 54 73 81 7 35 6 35 67 75 19 43 43 67 49 67 25 49 58 49 3 33 2 33 16 40 33 40 66 74 24 48 48 66 42 66 18 42 56 42 1 32 0 32 68 76 69 77 21 45 45 69 47 69 23 47 59 47 59 46 46 68 44 68 20 44 57 44 32 57 32 56 65 56 5 34 4 34 17 41 34 41 41 65 40 65 40 64 64 58 35 58 35 36 70 78 11 37 10 37 13 38 12 38 38 62 37 62 37 63 71 79 27 51 51 71 53 71 29 53 63 53 63 52 52 70 50 70 26 50 60 50 15 39 14 39 39 60 36 60 36 61 31 55 61 55 55 73 54 73 54 72 72 80 

72 80 54 72 62 54 30 54 54 73 37 62 73 81 55 73 10 37 11 37 37 63 61 55 31 55 63 53 38 63 36 61 53 71 29 53 12 38 13 38 35 36 36 60 71 79 51 71 6 35 7 35 35 58 60 50 39 60 27 51 58 48 64 58 50 70 26 50 14 39 15 39 48 66 24 48 40 64 70 78 52 70 66 74 42 66 33 40 16 40 40 65 28 52 56 42 2 33 3 33 65 57 41 65 32 56 56 43 57 44 34 41 17 41 0 32 1 32 43 67 19 43 44 68 20 44 4 34 5 34 67 75 49 67 68 76 46 68 25 49 59 46 59 47 47 69 23 47 69 77 45 69 21 45 9 36 18 42 22 46 32 57 35 59 38 62 39 61 41 64 55 72 57 45 58 49 60 51 63 52 65 56 

65 56 63 52 60 51 58 49 57 45 55 72 41 64 39 61 38 62 35 59 32 57 22 46 18 42 9 36 21 45 45 69 69 77 23 47 47 69 59 47 59 46 25 49 46 68 68 76 49 67 67 75 5 34 4 34 20 44 44 68 19 43 43 67 1 32 0 32 17 41 34 41 57 44 56 43 32 56 41 65 65 57 3 33 2 33 56 42 28 52 40 65 16 40 33 40 42 66 66 74 52 70 70 78 40 64 24 48 48 66 15 39 14 39 26 50 50 70 64 58 58 48 27 51 39 60 60 50 35 58 7 35 6 35 51 71 71 79 36 60 35 36 13 38 12 38 29 53 53 71 36 61 38 63 63 53 31 55 61 55 37 63 11 37 10 37 55 73 73 81 37 62 54 73 30 54 62 54 54 72 72 80 

73 81 54 73 54 72 55 72 61 55 31 55 36 61 36 60 39 60 14 39 15 39 60 50 26 50 50 70 52 70 63 52 63 53 29 53 53 71 51 71 27 51 71 79 37 63 37 62 38 62 12 38 13 38 10 37 11 37 70 78 35 36 35 58 64 58 40 64 40 65 41 65 34 41 17 41 4 34 5 34 65 56 32 56 32 57 57 44 20 44 44 68 46 68 59 46 59 47 23 47 47 69 45 69 21 45 69 77 68 76 0 32 1 32 56 42 18 42 42 66 48 66 24 48 66 74 33 40 16 40 2 33 3 33 58 49 25 49 49 67 43 67 19 43 67 75 6 35 7 35 72 80 30 54 9 36 22 46 28 52 35 59 38 63 39 61 41 64 55 73 56 43 57 45 58 48 60 51 62 54 65 57 

65 57 62 54 60 51 58 48 57 45 56 43 55 73 41 64 39 61 38 63 35 59 28 52 22 46 9 36 30 54 72 80 7 35 6 35 67 75 19 43 43 67 49 67 25 49 58 49 3 33 2 33 16 40 33 40 66 74 24 48 48 66 42 66 18 42 56 42 1 32 0 32 68 76 69 77 21 45 45 69 47 69 23 47 59 47 59 46 46 68 44 68 20 44 57 44 32 57 32 56 65 56 5 34 4 34 17 41 34 41 41 65 40 65 40 64 64 58 35 58 35 36 70 78 11 37 10 37 13 38 12 38 38 62 37 62 37 63 71 79 27 51 51 71 53 71 29 53 63 53 63 52 52 70 50 70 26 50 60 50 15 39 14 39 39 60 36 60 36 61 31 55 61 55 55 72 54 72 54 73 73 81 

73 81 54 73 62 54 30 54 54 72 37 62 72 80 55 72 10 37 11 37 37 63 61 55 31 55 63 53 38 63 36 61 53 71 29 53 12 38 13 38 35 36 36 60 71 79 51 71 6 35 7 35 35 58 60 50 39 60 27 51 58 48 64 58 50 70 26 50 14 39 15 39 48 66 24 48 40 64 70 78 52 70 66 74 42 66 33 40 16 40 40 65 28 52 56 42 2 33 3 33 65 57 41 65 32 56 56 43 57 44 34 41 17 41 0 32 1 32 43 67 19 43 44 68 20 44 4 34 5 34 67 75 49 67 68 76 46 68 25 49 59 46 59 47 47 69 23 47 69 77 45 69 21 45 9 36 18 42 22 46 32 57 35 59 38 62 39 61 41 64 55 73 57 45 58 49 60 51 63 52 65 56 

65 56 63 52 60 51 58 49 57 45 55 73 41 64 39 61 38 62 35 59 32 57 22 46 18 42 9 36 21 45 45 69 69 77 23 47 47 69 59 47 59 46 25 49 46 68 68 76 49 67 67 75 5 34 4 34 20 44 44 68 19 43 43 67 1 32 0 32 17 41 34 41 57 44 56 43 32 56 41 65 65 57 3 33 2 33 56 42 28 52 40 65 16 40 33 40 42 66 66 74 52 70 70 78 40 64 24 48 48 66 15 39 14 39 26 50 50 70 64 58 58 48 27 51 39 60 60 50 35 58 7 35 6 35 51 71 71 79 36 60 35 36 13 38 12 38 29 53 53 71 36 61 38 63 63 53 31 55 61 55 37 63 11 37 10 37 55 72 72 80 37 62 54 72 30 54 62 54 54 73 73 81 

0 32 1 32 2 33 3 33 4 34 5 34 6 35 7 35 9 36 10 37 11 37 12 38 13 38 14 39 15 39 16 40 17 41 18 42 19 43 20 44 21 45 22 46 23 47 24 48 25 49 26 50 27 51 28 52 29 53 30 54 31 55 32 56 32 57 33 40 34 41 35 58 35 59 35 36 36 60 36 61 37 62 37 63 38 62 38 63 39 60 39 61 40 64 40 65 41 64 41 65 42 66 43 67 44 68 45 69 46 68 47 69 48 66 49 67 50 70 51 71 52 70 53 71 54 72 54 73 55 72 55 73 56 42 56 43 57 44 57 45 58 48 58 49 59 46 59 47 60 50 60 51 61 55 62 54 63 53 63 52 64 58 65 56 65 57 66 74 67 75 68 76 69 77 70 78 71 79 72 80 73 81 

73 81 72 80 71 79 70 78 69 77 68 76 67 75 66 74 65 57 65 56 64 58 63 52 63 53 62 54 61 55 60 51 60 50 59 47 59 46 58 49 58 48 57 45 57 44 56 43 56 42 55 73 55 72 54 73 54 72 53 71 52 70 51 71 50 70 49 67 48 66 47 69 46 68 45 69 44 68 43 67 42 66 41 65 41 64 40 65 40 64 39 61 39 60 38 63 38 62 37 63 37 62 36 61 36 60 35 36 35 59 35 58 34 41 33 40 32 57 32 56 31 55 30 54 29 53 28 52 27 51 26 50 25 49 24 48 23 47 22 46 21 45 20 44 19 43 18 42 17 41 16 40 15 39 14 39 13 38 12 38 11 37 10 37 9 36 7 35 6 35 5 34 4 34 3 33 2 33 1 32 0 32 

0 32 32 56 32 57 57 44 57 45 45 69 69 77 44 68 68 76 56 42 56 43 43 67 67 75 42 66 66 74 1 32 2 33 33 40 40 64 40 65 65 56 65 57 64 58 58 48 58 49 49 67 48 66 3 33 4 34 34 41 41 64 41 65 5 34 6 35 35 58 35 59 35 36 36 60 36 61 61 55 55 72 55 73 73 81 72 80 60 50 60 51 51 71 71 79 50 70 70 78 59 46 59 47 47 69 46 68 7 35 9 36 10 37 37 62 37 63 63 53 63 52 52 70 53 71 62 54 54 72 54 73 11 37 12 38 38 62 38 63 13 38 14 39 39 60 39 61 15 39 16 40 17 41 18 42 19 43 20 44 21 45 22 46 23 47 24 48 25 49 26 50 27 51 28 52 29 53 30 54 31 55 

31 55 30 54 29 53 28 52 27 51 26 50 25 49 24 48 23 47 22 46 21 45 20 44 19 43 18 42 17 41 16 40 15 39 39 61 39 60 14 39 13 38 38 63 38 62 12 38 11 37 54 73 54 72 62 54 53 71 52 70 63 52 63 53 37 63 37 62 10 37 9 36 7 35 46 68 47 69 59 47 59 46 70 78 50 70 71 79 51 71 60 51 60 50 72 80 73 81 55 73 55 72 61 55 36 61 36 60 35 36 35 59 35 58 6 35 5 34 41 65 41 64 34 41 4 34 3 33 48 66 49 67 58 49 58 48 64 58 65 57 65 56 40 65 40 64 33 40 2 33 1 32 66 74 42 66 67 75 43 67 56 43 56 42 68 76 44 68 69 77 45 69 57 45 57 44 32 57 32 56 0 32 

