77 91

75 76 73 75 74 75 71 74 70 74 64 70 58 64 52 58 47 52 42 47 37 42 33 37 29 33 28 33 23 28 18 23 14 18 11 14 9 11 9 10 7 10 4 7 2 4 2 5 5 8 8 12 12 15 12 16 16 21 21 26 26 30 24 30 19 24 30 32 27 32 22 27 17 22 13 17 32 36 36 41 41 46 46 51 51 57 57 63 63 69 15 20 20 25 25 31 31 34 31 35 35 40 40 45 45 49 43 49 43 48 48 53 53 59 59 65 38 43 49 54 54 60 60 66 66 72 68 72 61 68 61 67 62 67 56 62 50 56 50 55 44 50 39 44 1 2 1 3 3 6 0 1 6 9 7 11 10 13 15 19 24 29 26 29 34 38 34 39 45 48 55 61 62 68 65 71 67 71 69 73 72 73 

72 73 69 73 67 71 65 71 62 68 55 61 45 48 34 39 34 38 26 29 24 29 15 19 10 13 7 11 6 9 0 1 3 6 1 3 1 2 39 44 44 50 50 55 50 56 56 62 62 67 61 67 61 68 68 72 66 72 60 66 54 60 49 54 38 43 59 65 53 59 48 53 43 48 43 49 45 49 40 45 35 40 31 35 31 34 25 31 20 25 15 20 63 69 57 63 51 57 46 51 41 46 36 41 32 36 13 17 17 22 22 27 27 32 30 32 19 24 24 30 26 30 21 26 16 21 12 16 12 15 8 12 5 8 2 5 2 4 4 7 7 10 9 10 9 11 11 14 14 18 18 23 23 28 28 33 29 33 33 37 37 42 42 47 47 52 52 58 58 64 64 70 70 74 71 74 74 75 73 75 75 76 

75 76 73 75 74 75 72 73 69 73 71 74 70 74 68 72 66 72 63 69 67 71 65 71 64 70 61 68 60 66 57 63 62 67 59 65 58 64 55 61 54 60 51 57 56 62 53 59 52 58 50 55 49 54 46 51 48 53 47 52 44 50 45 49 41 46 43 48 42 47 39 44 40 45 36 41 38 43 37 42 34 39 35 40 32 36 33 37 31 34 30 32 27 32 29 33 28 33 25 31 24 30 22 27 26 29 23 28 20 25 19 24 17 22 21 26 18 23 15 20 13 17 16 21 14 18 12 15 10 13 11 14 8 12 9 10 7 11 5 8 6 9 4 7 2 5 3 6 1 2 0 1 1 3 2 4 7 10 9 11 12 16 15 19 24 29 26 30 31 35 34 38 43 49 45 48 50 56 61 67 62 68 

62 68 61 67 50 56 45 48 43 49 34 38 31 35 26 30 24 29 15 19 12 16 9 11 7 10 2 4 1 3 0 1 1 2 3 6 2 5 4 7 6 9 5 8 7 11 9 10 8 12 11 14 10 13 12 15 14 18 16 21 13 17 15 20 18 23 21 26 17 22 19 24 20 25 23 28 26 29 22 27 24 30 25 31 28 33 29 33 27 32 30 32 31 34 33 37 32 36 35 40 34 39 37 42 38 43 36 41 40 45 39 44 42 47 43 48 41 46 45 49 44 50 47 52 48 53 46 51 49 54 50 55 52 58 53 59 56 62 51 57 54 60 55 61 58 64 59 65 62 67 57 63 60 66 61 68 64 70 65 71 67 71 63 69 66 72 68 72 70 74 71 74 69 73 72 73 74 75 73 75 75 76 

0 1 1 2 1 3 2 4 2 5 3 6 4 7 5 8 6 9 7 10 7 11 8 12 9 10 9 11 10 13 11 14 12 15 12 16 13 17 14 18 15 19 15 20 16 21 17 22 18 23 19 24 20 25 21 26 22 27 23 28 24 29 24 30 25 31 26 30 26 29 27 32 28 33 29 33 30 32 31 34 31 35 32 36 33 37 34 38 34 39 35 40 36 41 37 42 38 43 39 44 40 45 41 46 42 47 43 48 43 49 44 50 45 49 45 48 46 51 47 52 48 53 49 54 50 55 50 56 51 57 52 58 53 59 54 60 55 61 56 62 57 63 58 64 59 65 60 66 61 67 61 68 62 67 62 68 63 69 64 70 65 71 66 72 67 71 68 72 69 73 70 74 71 74 72 73 73 75 74 75 75 76 

75 76 74 75 73 75 72 73 71 74 70 74 69 73 68 72 67 71 66 72 65 71 64 70 63 69 62 68 62 67 61 68 61 67 60 66 59 65 58 64 57 63 56 62 55 61 54 60 53 59 52 58 51 57 50 56 50 55 49 54 48 53 47 52 46 51 45 48 45 49 44 50 43 49 43 48 42 47 41 46 40 45 39 44 38 43 37 42 36 41 35 40 34 39 34 38 33 37 32 36 31 35 31 34 30 32 29 33 28 33 27 32 26 29 26 30 25 31 24 30 24 29 23 28 22 27 21 26 20 25 19 24 18 23 17 22 16 21 15 20 15 19 14 18 13 17 12 16 12 15 11 14 10 13 9 11 9 10 8 12 7 11 7 10 6 9 5 8 4 7 3 6 2 5 2 4 1 3 1 2 0 1 

0 1 1 2 1 3 3 6 6 9 9 10 9 11 11 14 14 18 18 23 23 28 28 33 33 37 37 42 42 47 47 52 52 58 58 64 64 70 70 74 74 75 75 76 10 13 13 17 17 22 22 27 27 32 32 36 36 41 41 46 46 51 51 57 57 63 63 69 69 73 73 75 2 4 2 5 5 8 8 12 12 15 12 16 16 21 21 26 26 30 26 29 29 33 30 32 15 19 15 20 20 25 25 31 31 34 31 35 35 40 40 45 45 49 45 48 48 53 53 59 59 65 65 71 71 74 49 54 54 60 60 66 66 72 72 73 34 38 34 39 39 44 44 50 50 55 50 56 56 62 62 67 62 68 68 72 67 71 55 61 61 67 61 68 38 43 43 48 43 49 19 24 24 29 24 30 4 7 7 10 7 11 

7 11 7 10 4 7 24 30 24 29 19 24 43 49 43 48 38 43 61 68 61 67 55 61 67 71 68 72 62 68 62 67 56 62 50 56 50 55 44 50 39 44 34 39 34 38 72 73 66 72 60 66 54 60 49 54 71 74 65 71 59 65 53 59 48 53 45 48 45 49 40 45 35 40 31 35 31 34 25 31 20 25 15 20 15 19 30 32 29 33 26 29 26 30 21 26 16 21 12 16 12 15 8 12 5 8 2 5 2 4 73 75 69 73 63 69 57 63 51 57 46 51 41 46 36 41 32 36 27 32 22 27 17 22 13 17 10 13 75 76 74 75 70 74 64 70 58 64 52 58 47 52 42 47 37 42 33 37 28 33 23 28 18 23 14 18 11 14 9 11 9 10 6 9 3 6 1 3 1 2 0 1 

