65 79

22 29
25 29
25 32
32 37
37 42
36 42
36 43
36 44
44 51
51 58
50 58
31 36
24 31
16 24
10 16
12 16
12 18
5 12
1 5
1 4
6 4
2 6
2 7
7 13
13 19
19 15
9 15
15 21
26 21
21 28
28 34
38 34
38 45
45 39
39 46
46 52
52 59
55 59
48 55
41 48
33 38
27 33
20 27
14 20
8 14
3 8
0 3
34 40
35 40
30 35
23 30
40 47
47 53
47 54
54 61
61 64
60 64
4 11
11 17
42 49
49 56
49 57
57 63
63 65
62 65
0 2
4 9
4 10
15 22
15 23
16 25
17 22
18 24
19 26
34 39
34 41
43 50
53 60
56 62

0 2
0 3
3 8
8 14
14 20
20 27
27 33
33 38
38 34
38 45
45 39
39 46
46 52
52 59
34 39
34 40
34 41
41 48
48 55
55 59
40 47
47 53
47 54
54 61
61 64
53 60
60 64
2 6
2 7
7 13
13 19
19 15
19 26
26 21
21 28
28 34
15 21
15 22
15 23
23 30
30 35
35 40
22 29
6 4
4 9
4 10
4 11
11 17
17 22
10 16
16 24
16 25
25 29
25 32
32 37
37 42
42 49
49 56
49 57
57 63
63 65
56 62
62 65
24 31
31 36
36 42
36 43
36 44
44 51
51 58
43 50
50 58
9 15
1 4
1 5
5 12
12 16
12 18
18 24

0 2
0 3
1 4
1 5
2 6
2 7
3 8
4 9
4 10
4 11
5 12
6 4
7 13
8 14
9 15
10 16
11 17
12 16
12 18
13 19
14 20
15 21
15 22
15 23
16 24
16 25
17 22
18 24
19 15
19 26
20 27
21 28
22 29
23 30
24 31
25 29
25 32
26 21
27 33
28 34
30 35
31 36
32 37
33 38
34 39
34 40
34 41
35 40
36 42
36 43
36 44
37 42
38 34
38 45
39 46
40 47
41 48
42 49
43 50
44 51
45 39
46 52
47 53
47 54
48 55
49 56
49 57
50 58
51 58
52 59
53 60
54 61
55 59
56 62
57 63
60 64
61 64
62 65
63 65

