54 51

44 52 43 52 32 43 12 32 33 44 14 33 49 41 29 41 9 29 39 49 53 49 53 48 37 48 21 37 0 21 25 21 4 25 16 25 48 38 23 38 2 23 50 53 50 51 42 51 30 42 10 30 26 30 5 26 15 26 51 46 35 46 18 35 40 50 28 40 22 28 8 28 1 22 6 22 24 39 3 24 31 24 11 31 19 31 45 47 36 47 20 36 34 45 27 34 17 34 7 27 13 27 

13 27 7 27 17 34 27 34 34 45 20 36 36 47 45 47 19 31 11 31 31 24 3 24 24 39 6 22 1 22 8 28 22 28 28 40 40 50 18 35 35 46 51 46 15 26 5 26 26 30 10 30 30 42 42 51 50 51 50 53 2 23 23 38 48 38 16 25 4 25 25 21 0 21 21 37 37 48 53 48 53 49 39 49 9 29 29 41 49 41 14 33 33 44 12 32 32 43 43 52 44 52 

44 52 43 52 33 44 32 43 14 33 12 32 49 41 29 41 39 49 53 49 9 29 24 39 50 53 53 48 3 24 31 24 40 50 50 51 48 38 37 48 11 31 19 31 28 40 51 46 42 51 23 38 21 37 22 28 8 28 35 46 30 42 2 23 0 21 25 21 1 22 6 22 18 35 10 30 26 30 4 25 16 25 5 26 15 26 45 47 36 47 34 45 20 36 27 34 17 34 7 27 13 27 

13 27 7 27 17 34 27 34 20 36 34 45 36 47 45 47 15 26 5 26 16 25 4 25 26 30 10 30 18 35 6 22 1 22 25 21 0 21 2 23 30 42 35 46 8 28 22 28 21 37 23 38 42 51 51 46 28 40 19 31 11 31 37 48 48 38 50 51 40 50 31 24 3 24 53 48 50 53 24 39 9 29 53 49 39 49 29 41 49 41 12 32 14 33 32 43 33 44 43 52 44 52 

49 41 29 41 9 29 39 49 53 49 53 48 37 48 21 37 0 21 25 21 4 25 16 25 48 38 23 38 2 23 50 53 50 51 42 51 30 42 10 30 26 30 5 26 15 26 51 46 35 46 18 35 40 50 28 40 22 28 8 28 1 22 6 22 24 39 3 24 31 24 11 31 19 31 44 52 43 52 32 43 12 32 33 44 14 33 45 47 36 47 20 36 34 45 27 34 17 34 7 27 13 27 

13 27 7 27 17 34 27 34 34 45 20 36 36 47 45 47 14 33 33 44 12 32 32 43 43 52 44 52 19 31 11 31 31 24 3 24 24 39 6 22 1 22 8 28 22 28 28 40 40 50 18 35 35 46 51 46 15 26 5 26 26 30 10 30 30 42 42 51 50 51 50 53 2 23 23 38 48 38 16 25 4 25 25 21 0 21 21 37 37 48 53 48 53 49 39 49 9 29 29 41 49 41 

49 41 29 41 39 49 53 49 9 29 24 39 50 53 53 48 3 24 31 24 40 50 50 51 48 38 37 48 11 31 19 31 28 40 51 46 42 51 23 38 21 37 22 28 8 28 35 46 30 42 2 23 0 21 25 21 1 22 6 22 18 35 10 30 26 30 4 25 16 25 5 26 15 26 44 52 43 52 33 44 32 43 14 33 12 32 45 47 36 47 34 45 20 36 27 34 17 34 7 27 13 27 

13 27 7 27 17 34 27 34 20 36 34 45 36 47 45 47 12 32 14 33 32 43 33 44 43 52 44 52 15 26 5 26 16 25 4 25 26 30 10 30 18 35 6 22 1 22 25 21 0 21 2 23 30 42 35 46 8 28 22 28 21 37 23 38 42 51 51 46 28 40 19 31 11 31 37 48 48 38 50 51 40 50 31 24 3 24 53 48 50 53 24 39 9 29 53 49 39 49 29 41 49 41 

51 46 35 46 18 35 50 51 50 53 53 49 39 49 24 39 3 24 31 24 11 31 19 31 49 41 29 41 9 29 53 48 37 48 21 37 0 21 25 21 4 25 16 25 48 38 23 38 2 23 40 50 28 40 22 28 8 28 1 22 6 22 44 52 43 52 32 43 12 32 33 44 14 33 45 47 36 47 20 36 34 45 27 34 17 34 7 27 13 27 5 26 10 30 15 26 26 30 30 42 42 51 

42 51 30 42 26 30 15 26 10 30 5 26 13 27 7 27 17 34 27 34 34 45 20 36 36 47 45 47 14 33 33 44 12 32 32 43 43 52 44 52 6 22 1 22 8 28 22 28 28 40 40 50 2 23 23 38 48 38 16 25 4 25 25 21 0 21 21 37 37 48 53 48 9 29 29 41 49 41 19 31 11 31 31 24 3 24 24 39 39 49 53 49 50 53 50 51 18 35 35 46 51 46 

51 46 35 46 50 51 18 35 40 50 50 53 28 40 53 49 53 48 22 28 8 28 49 41 39 49 48 38 37 48 1 22 6 22 29 41 24 39 23 38 21 37 9 29 3 24 31 24 2 23 0 21 25 21 11 31 19 31 4 25 16 25 44 52 43 52 33 44 32 43 14 33 12 32 45 47 36 47 34 45 20 36 27 34 17 34 7 27 13 27 5 26 10 30 15 26 26 30 30 42 42 51 

42 51 30 42 26 30 15 26 10 30 5 26 13 27 7 27 17 34 27 34 20 36 34 45 36 47 45 47 12 32 14 33 32 43 33 44 43 52 44 52 16 25 4 25 19 31 11 31 25 21 0 21 2 23 31 24 3 24 9 29 21 37 23 38 24 39 29 41 6 22 1 22 37 48 48 38 39 49 49 41 8 28 22 28 53 48 53 49 28 40 50 53 40 50 18 35 50 51 35 46 51 46 

48 38 23 38 2 23 53 48 53 49 39 49 24 39 3 24 31 24 11 31 19 31 49 41 29 41 9 29 50 53 50 51 42 51 30 42 10 30 26 30 5 26 15 26 51 46 35 46 18 35 40 50 28 40 22 28 8 28 1 22 6 22 44 52 43 52 32 43 12 32 33 44 14 33 45 47 36 47 20 36 34 45 27 34 17 34 7 27 13 27 0 21 4 25 16 25 21 37 25 21 37 48 

37 48 25 21 21 37 16 25 4 25 0 21 13 27 7 27 17 34 27 34 34 45 20 36 36 47 45 47 14 33 33 44 12 32 32 43 43 52 44 52 6 22 1 22 8 28 22 28 28 40 40 50 18 35 35 46 51 46 15 26 5 26 26 30 10 30 30 42 42 51 50 51 50 53 9 29 29 41 49 41 19 31 11 31 31 24 3 24 24 39 39 49 53 49 53 48 2 23 23 38 48 38 

48 38 23 38 53 48 2 23 50 53 53 49 40 50 50 51 49 41 39 49 28 40 51 46 42 51 29 41 24 39 22 28 8 28 35 46 30 42 9 29 3 24 31 24 1 22 6 22 18 35 10 30 26 30 11 31 19 31 5 26 15 26 44 52 43 52 33 44 32 43 14 33 12 32 45 47 36 47 34 45 20 36 27 34 17 34 7 27 13 27 0 21 4 25 16 25 21 37 25 21 37 48 

37 48 25 21 21 37 16 25 4 25 0 21 13 27 7 27 17 34 27 34 20 36 34 45 36 47 45 47 12 32 14 33 32 43 33 44 43 52 44 52 15 26 5 26 19 31 11 31 26 30 10 30 18 35 6 22 1 22 31 24 3 24 9 29 30 42 35 46 8 28 22 28 24 39 29 41 42 51 51 46 28 40 39 49 49 41 50 51 40 50 53 49 50 53 2 23 53 48 23 38 48 38 

45 47 36 47 20 36 34 45 27 34 17 34 7 27 13 27 44 52 43 52 32 43 12 32 33 44 14 33 49 41 29 41 9 29 39 49 53 49 53 48 37 48 21 37 0 21 25 21 4 25 16 25 48 38 23 38 2 23 50 53 50 51 42 51 30 42 10 30 26 30 5 26 15 26 51 46 35 46 18 35 40 50 28 40 22 28 8 28 1 22 6 22 24 39 3 24 31 24 11 31 19 31 

19 31 11 31 31 24 3 24 24 39 6 22 1 22 8 28 22 28 28 40 40 50 18 35 35 46 51 46 15 26 5 26 26 30 10 30 30 42 42 51 50 51 50 53 2 23 23 38 48 38 16 25 4 25 25 21 0 21 21 37 37 48 53 48 53 49 39 49 9 29 29 41 49 41 14 33 33 44 12 32 32 43 43 52 44 52 13 27 7 27 17 34 27 34 34 45 20 36 36 47 45 47 

45 47 36 47 34 45 20 36 27 34 17 34 7 27 13 27 44 52 43 52 33 44 32 43 14 33 12 32 49 41 29 41 39 49 53 49 9 29 24 39 50 53 53 48 3 24 31 24 40 50 50 51 48 38 37 48 11 31 19 31 28 40 51 46 42 51 23 38 21 37 22 28 8 28 35 46 30 42 2 23 0 21 25 21 1 22 6 22 18 35 10 30 26 30 4 25 16 25 5 26 15 26 

15 26 5 26 16 25 4 25 26 30 10 30 18 35 6 22 1 22 25 21 0 21 2 23 30 42 35 46 8 28 22 28 21 37 23 38 42 51 51 46 28 40 19 31 11 31 37 48 48 38 50 51 40 50 31 24 3 24 53 48 50 53 24 39 9 29 53 49 39 49 29 41 49 41 12 32 14 33 32 43 33 44 43 52 44 52 13 27 7 27 17 34 27 34 20 36 34 45 36 47 45 47 

0 21 1 22 2 23 3 24 4 25 5 26 6 22 7 27 8 28 9 29 10 30 11 31 12 32 13 27 14 33 15 26 16 25 17 34 18 35 19 31 20 36 21 37 22 28 23 38 24 39 25 21 26 30 27 34 28 40 29 41 30 42 31 24 32 43 33 44 34 45 35 46 36 47 37 48 39 49 40 50 42 51 43 52 44 52 45 47 48 38 49 41 50 51 50 53 51 46 53 49 53 48 

53 48 53 49 51 46 50 53 50 51 49 41 48 38 45 47 44 52 43 52 42 51 40 50 39 49 37 48 36 47 35 46 34 45 33 44 32 43 31 24 30 42 29 41 28 40 27 34 26 30 25 21 24 39 23 38 22 28 21 37 20 36 19 31 18 35 17 34 16 25 15 26 14 33 13 27 12 32 11 31 10 30 9 29 8 28 7 27 6 22 5 26 4 25 3 24 2 23 1 22 0 21 

0 21 21 37 37 48 48 38 1 22 22 28 28 40 40 50 50 51 50 53 53 49 53 48 49 41 51 46 2 23 23 38 3 24 24 39 39 49 4 25 25 21 5 26 26 30 30 42 42 51 6 22 7 27 27 34 34 45 45 47 8 28 9 29 29 41 10 30 11 31 31 24 12 32 32 43 43 52 13 27 14 33 33 44 44 52 15 26 16 25 17 34 18 35 35 46 19 31 20 36 36 47 

36 47 20 36 19 31 35 46 18 35 17 34 16 25 15 26 44 52 33 44 14 33 13 27 43 52 32 43 12 32 31 24 11 31 10 30 29 41 9 29 8 28 45 47 34 45 27 34 7 27 6 22 42 51 30 42 26 30 5 26 25 21 4 25 39 49 24 39 3 24 23 38 2 23 51 46 49 41 53 48 53 49 50 53 50 51 40 50 28 40 22 28 1 22 48 38 37 48 21 37 0 21 

