84 97

82 83 81 82 80 82 76 80 72 76 67 72 79 72 75 79 71 75 66 71 61 66 56 61 51 56 46 51 41 46 36 41 30 36 22 30 14 22 14 21 21 29 29 17 10 17 5 10 5 11 20 11 13 20 7 13 3 7 3 6 6 12 12 4 2 4 0 2 4 8 4 9 9 16 16 24 24 31 23 31 15 23 31 37 37 42 37 43 43 47 47 52 52 57 52 58 58 62 1 3 11 18 11 19 19 28 28 35 35 40 34 40 27 34 40 45 45 49 45 50 50 55 55 60 60 64 60 65 65 70 70 74 74 78 17 25 17 26 26 33 33 39 39 44 38 44 32 38 44 48 48 53 48 54 54 59 59 63 63 68 63 69 69 73 73 77 2 5 7 14 8 15 18 27 25 32 42 47 49 55 53 59 57 62 62 67 64 70 68 73 77 81 78 81 

78 81 77 81 68 73 64 70 62 67 57 62 53 59 49 55 42 47 25 32 18 27 8 15 7 14 2 5 73 77 69 73 63 69 63 68 59 63 54 59 48 54 48 53 44 48 32 38 38 44 39 44 33 39 26 33 17 26 17 25 74 78 70 74 65 70 60 65 60 64 55 60 50 55 45 50 45 49 40 45 27 34 34 40 35 40 28 35 19 28 11 19 11 18 1 3 58 62 52 58 52 57 47 52 43 47 37 43 37 42 31 37 15 23 23 31 24 31 16 24 9 16 4 9 4 8 0 2 2 4 12 4 6 12 3 6 3 7 7 13 13 20 20 11 5 11 5 10 10 17 29 17 21 29 14 21 14 22 22 30 30 36 36 41 41 46 46 51 51 56 56 61 61 66 66 71 71 75 75 79 79 72 67 72 72 76 76 80 80 82 81 82 82 83 

82 83 81 82 80 82 78 81 77 81 76 80 74 78 73 77 72 76 70 74 69 73 68 73 67 72 79 72 64 70 65 70 63 69 62 67 75 79 60 64 59 63 57 62 58 62 71 75 55 60 53 59 54 59 52 57 66 71 49 55 50 55 48 53 47 52 61 66 45 49 44 48 42 47 43 47 56 61 40 45 38 44 39 44 37 42 51 56 35 40 34 40 32 38 33 39 31 37 46 51 28 35 27 34 25 32 26 33 23 31 24 31 41 46 19 28 18 27 17 25 15 23 16 24 36 41 11 19 29 17 10 17 8 15 9 16 30 36 20 11 5 11 21 29 4 8 22 30 13 20 2 5 14 21 12 4 7 13 0 2 6 12 3 7 1 3 2 4 3 6 4 9 5 10 7 14 11 18 14 22 17 26 37 43 45 50 48 54 52 58 60 65 63 68 

63 68 60 65 52 58 48 54 45 50 37 43 17 26 14 22 11 18 7 14 5 10 4 9 3 6 2 4 1 3 3 7 6 12 0 2 7 13 12 4 14 21 2 5 13 20 22 30 4 8 21 29 5 11 20 11 30 36 9 16 8 15 10 17 29 17 11 19 36 41 16 24 15 23 17 25 18 27 19 28 41 46 24 31 23 31 26 33 25 32 27 34 28 35 46 51 31 37 33 39 32 38 34 40 35 40 51 56 37 42 39 44 38 44 40 45 56 61 43 47 42 47 44 48 45 49 61 66 47 52 48 53 50 55 49 55 66 71 52 57 54 59 53 59 55 60 71 75 58 62 57 62 59 63 60 64 75 79 62 67 63 69 65 70 64 70 79 72 67 72 68 73 69 73 70 74 72 76 73 77 74 78 76 80 77 81 78 81 80 82 81 82 82 83 

0 2 1 3 2 4 2 5 3 6 3 7 4 8 4 9 5 10 5 11 6 12 7 13 7 14 8 15 9 16 10 17 11 18 11 19 12 4 13 20 14 21 14 22 15 23 16 24 17 25 17 26 18 27 19 28 20 11 21 29 22 30 23 31 24 31 25 32 26 33 27 34 28 35 29 17 30 36 31 37 32 38 33 39 34 40 35 40 36 41 37 42 37 43 38 44 39 44 40 45 41 46 42 47 43 47 44 48 45 49 45 50 46 51 47 52 48 53 48 54 49 55 50 55 51 56 52 57 52 58 53 59 54 59 55 60 56 61 57 62 58 62 59 63 60 64 60 65 61 66 62 67 63 68 63 69 64 70 65 70 66 71 67 72 68 73 69 73 70 74 71 75 72 76 73 77 74 78 75 79 76 80 77 81 78 81 79 72 80 82 81 82 82 83 

82 83 81 82 80 82 79 72 78 81 77 81 76 80 75 79 74 78 73 77 72 76 71 75 70 74 69 73 68 73 67 72 66 71 65 70 64 70 63 69 63 68 62 67 61 66 60 65 60 64 59 63 58 62 57 62 56 61 55 60 54 59 53 59 52 58 52 57 51 56 50 55 49 55 48 54 48 53 47 52 46 51 45 50 45 49 44 48 43 47 42 47 41 46 40 45 39 44 38 44 37 43 37 42 36 41 35 40 34 40 33 39 32 38 31 37 30 36 29 17 28 35 27 34 26 33 25 32 24 31 23 31 22 30 21 29 20 11 19 28 18 27 17 26 17 25 16 24 15 23 14 22 14 21 13 20 12 4 11 19 11 18 10 17 9 16 8 15 7 14 7 13 6 12 5 11 5 10 4 9 4 8 3 7 3 6 2 5 2 4 1 3 0 2 

0 2 2 4 2 5 5 10 5 11 11 18 11 19 19 28 28 35 35 40 40 45 45 49 45 50 50 55 55 60 60 64 60 65 65 70 70 74 74 78 78 81 81 82 82 83 64 70 49 55 18 27 27 34 34 40 10 17 17 25 17 26 26 33 33 39 39 44 44 48 48 53 48 54 54 59 59 63 63 68 63 69 69 73 73 77 77 81 68 73 53 59 25 32 32 38 38 44 4 8 4 9 9 16 16 24 24 31 31 37 37 42 37 43 43 47 47 52 52 57 52 58 58 62 62 67 67 72 72 76 76 80 80 82 57 62 42 47 8 15 15 23 23 31 1 3 3 6 3 7 7 13 7 14 14 21 14 22 22 30 30 36 36 41 41 46 46 51 51 56 56 61 61 66 66 71 71 75 75 79 79 72 21 29 29 17 13 20 20 11 6 12 12 4 

12 4 6 12 20 11 13 20 29 17 21 29 79 72 75 79 71 75 66 71 61 66 56 61 51 56 46 51 41 46 36 41 30 36 22 30 14 22 14 21 7 14 7 13 3 7 3 6 1 3 23 31 15 23 8 15 42 47 57 62 80 82 76 80 72 76 67 72 62 67 58 62 52 58 52 57 47 52 43 47 37 43 37 42 31 37 24 31 16 24 9 16 4 9 4 8 38 44 32 38 25 32 53 59 68 73 77 81 73 77 69 73 63 69 63 68 59 63 54 59 48 54 48 53 44 48 39 44 33 39 26 33 17 26 17 25 10 17 34 40 27 34 18 27 49 55 64 70 82 83 81 82 78 81 74 78 70 74 65 70 60 65 60 64 55 60 50 55 45 50 45 49 40 45 35 40 28 35 19 28 11 19 11 18 5 11 5 10 2 5 2 4 0 2 

