77 91

75 76 74 75 73 74 72 74 69 72 65 69 60 65 55 60 50 55 45 50 41 45 36 41 40 41 35 40 30 35 25 30 21 25 16 21 17 21 13 17 9 13 5 9 6 9 3 6 1 3 1 2 2 4 4 7 4 8 8 12 7 10 7 11 10 14 10 15 15 19 15 20 20 23 20 24 24 29 29 32 27 32 23 28 28 33 28 34 34 39 39 42 37 42 42 46 46 51 51 56 54 56 48 54 49 54 44 49 38 44 38 43 43 47 47 52 47 53 53 58 53 59 59 63 59 64 64 68 68 71 67 71 62 67 57 62 56 61 61 66 66 70 19 22 18 22 22 26 26 31 0 1 2 5 11 16 12 16 14 18 23 27 31 36 32 36 33 37 33 38 43 48 52 57 58 62 63 68 70 73 71 73 

71 73 70 73 63 68 58 62 52 57 43 48 33 38 33 37 32 36 31 36 23 27 14 18 12 16 11 16 2 5 0 1 26 31 22 26 18 22 19 22 66 70 61 66 56 61 57 62 62 67 67 71 68 71 64 68 59 64 59 63 53 59 53 58 47 53 47 52 43 47 38 43 38 44 44 49 49 54 48 54 54 56 51 56 46 51 42 46 37 42 39 42 34 39 28 34 28 33 23 28 27 32 29 32 24 29 20 24 20 23 15 20 15 19 10 15 10 14 7 11 7 10 8 12 4 8 4 7 2 4 1 2 1 3 3 6 6 9 5 9 9 13 13 17 17 21 16 21 21 25 25 30 30 35 35 40 40 41 36 41 41 45 45 50 50 55 55 60 60 65 65 69 69 72 72 74 73 74 74 75 75 76 

75 76 74 75 73 74 72 74 71 73 70 73 69 72 68 71 67 71 66 70 65 69 63 68 64 68 62 67 61 66 60 65 59 63 58 62 57 62 56 61 55 60 53 59 52 57 54 56 51 56 50 55 47 53 48 54 49 54 46 51 45 50 43 47 44 49 42 46 41 45 38 43 37 42 39 42 36 41 40 41 33 38 34 39 32 36 31 36 35 40 28 33 29 32 27 32 26 31 30 35 23 28 24 29 22 26 25 30 20 23 19 22 18 22 21 25 15 20 14 18 16 21 17 21 10 15 11 16 12 16 13 17 7 10 8 12 9 13 4 7 5 9 6 9 2 4 3 6 1 2 0 1 1 3 2 5 4 8 7 11 10 14 15 19 20 24 23 27 28 34 33 37 38 44 43 48 47 52 53 58 59 64 

59 64 53 58 47 52 43 48 38 44 33 37 28 34 23 27 20 24 15 19 10 14 7 11 4 8 2 5 1 3 0 1 1 2 3 6 2 4 6 9 5 9 4 7 9 13 8 12 7 10 13 17 12 16 11 16 10 15 17 21 16 21 14 18 15 20 21 25 18 22 19 22 20 23 25 30 22 26 24 29 23 28 30 35 26 31 27 32 29 32 28 33 35 40 31 36 32 36 34 39 33 38 40 41 36 41 39 42 37 42 38 43 41 45 42 46 44 49 43 47 45 50 46 51 49 54 48 54 47 53 50 55 51 56 54 56 52 57 53 59 55 60 56 61 57 62 58 62 59 63 60 65 61 66 62 67 64 68 63 68 65 69 66 70 67 71 68 71 69 72 70 73 71 73 72 74 73 74 74 75 75 76 

0 1 1 2 1 3 2 4 2 5 3 6 4 7 4 8 5 9 6 9 7 10 7 11 8 12 9 13 10 14 10 15 11 16 12 16 13 17 14 18 15 19 15 20 16 21 17 21 18 22 19 22 20 23 20 24 21 25 22 26 23 27 23 28 24 29 25 30 26 31 27 32 28 33 28 34 29 32 30 35 31 36 32 36 33 37 33 38 34 39 35 40 36 41 37 42 38 43 38 44 39 42 40 41 41 45 42 46 43 47 43 48 44 49 45 50 46 51 47 52 47 53 48 54 49 54 50 55 51 56 52 57 53 58 53 59 54 56 55 60 56 61 57 62 58 62 59 63 59 64 60 65 61 66 62 67 63 68 64 68 65 69 66 70 67 71 68 71 69 72 70 73 71 73 72 74 73 74 74 75 75 76 

75 76 74 75 73 74 72 74 71 73 70 73 69 72 68 71 67 71 66 70 65 69 64 68 63 68 62 67 61 66 60 65 59 64 59 63 58 62 57 62 56 61 55 60 54 56 53 59 53 58 52 57 51 56 50 55 49 54 48 54 47 53 47 52 46 51 45 50 44 49 43 48 43 47 42 46 41 45 40 41 39 42 38 44 38 43 37 42 36 41 35 40 34 39 33 38 33 37 32 36 31 36 30 35 29 32 28 34 28 33 27 32 26 31 25 30 24 29 23 28 23 27 22 26 21 25 20 24 20 23 19 22 18 22 17 21 16 21 15 20 15 19 14 18 13 17 12 16 11 16 10 15 10 14 9 13 8 12 7 11 7 10 6 9 5 9 4 8 4 7 3 6 2 5 2 4 1 3 1 2 0 1 

0 1 1 2 1 3 3 6 6 9 9 13 13 17 17 21 21 25 25 30 30 35 35 40 40 41 41 45 45 50 50 55 55 60 60 65 65 69 69 72 72 74 74 75 75 76 2 4 2 5 5 9 4 7 4 8 8 12 12 16 16 21 7 10 7 11 11 16 10 14 10 15 15 19 15 20 20 23 20 24 24 29 29 32 32 36 36 41 23 27 23 28 28 33 28 34 34 39 39 42 42 46 46 51 51 56 56 61 61 66 66 70 70 73 73 74 33 37 33 38 38 43 38 44 44 49 49 54 54 56 43 47 43 48 48 54 47 52 47 53 53 58 53 59 59 63 59 64 64 68 68 71 71 73 63 68 58 62 62 67 67 71 52 57 57 62 37 42 27 32 19 22 22 26 26 31 31 36 14 18 18 22 

18 22 14 18 31 36 26 31 22 26 19 22 27 32 37 42 57 62 52 57 67 71 62 67 58 62 63 68 71 73 68 71 64 68 59 64 59 63 53 59 53 58 47 53 47 52 48 54 43 48 43 47 54 56 49 54 44 49 38 44 38 43 33 38 33 37 73 74 70 73 66 70 61 66 56 61 51 56 46 51 42 46 39 42 34 39 28 34 28 33 23 28 23 27 36 41 32 36 29 32 24 29 20 24 20 23 15 20 15 19 10 15 10 14 11 16 7 11 7 10 16 21 12 16 8 12 4 8 4 7 5 9 2 5 2 4 75 76 74 75 72 74 69 72 65 69 60 65 55 60 50 55 45 50 41 45 40 41 35 40 30 35 25 30 21 25 17 21 13 17 9 13 6 9 3 6 1 3 1 2 0 1 

