44 43

33 41 22 33 40 33 30 40 42 40 35 42 34 42 23 34 28 34 7 28 12 28 1 23 5 23 24 35 43 35 36 43 37 43 38 37 26 37 4 26 15 26 39 38 27 38 6 27 16 27 32 39 29 39 8 29 21 29 13 32 19 32 31 36 25 36 3 25 20 25 11 31 14 31 2 24 17 24 9 30 18 30 0 22 10 22 

10 22 0 22 18 30 9 30 17 24 2 24 14 31 11 31 20 25 3 25 25 36 31 36 19 32 13 32 21 29 8 29 29 39 32 39 16 27 6 27 27 38 39 38 15 26 4 26 26 37 38 37 37 43 36 43 43 35 24 35 5 23 1 23 12 28 7 28 28 34 23 34 34 42 35 42 42 40 30 40 40 33 22 33 33 41 

33 41 22 33 40 33 0 22 10 22 30 40 42 40 9 30 18 30 35 42 34 42 24 35 43 35 23 34 28 34 2 24 17 24 36 43 37 43 1 23 5 23 7 28 12 28 31 36 25 36 38 37 26 37 11 31 14 31 3 25 20 25 39 38 27 38 4 26 15 26 32 39 29 39 6 27 16 27 13 32 19 32 8 29 21 29 

21 29 8 29 19 32 13 32 16 27 6 27 29 39 32 39 15 26 4 26 27 38 39 38 20 25 3 25 14 31 11 31 26 37 38 37 25 36 31 36 12 28 7 28 5 23 1 23 37 43 36 43 17 24 2 24 28 34 23 34 43 35 24 35 34 42 35 42 18 30 9 30 42 40 30 40 10 22 0 22 40 33 22 33 33 41 

0 22 1 23 2 24 3 25 4 26 5 23 6 27 7 28 8 29 9 30 10 22 11 31 12 28 13 32 14 31 15 26 16 27 17 24 18 30 19 32 20 25 21 29 22 33 23 34 24 35 25 36 26 37 27 38 28 34 29 39 30 40 31 36 32 39 33 41 34 42 35 42 36 43 37 43 38 37 39 38 40 33 42 40 43 35 

43 35 42 40 40 33 39 38 38 37 37 43 36 43 35 42 34 42 33 41 32 39 31 36 30 40 29 39 28 34 27 38 26 37 25 36 24 35 23 34 22 33 21 29 20 25 19 32 18 30 17 24 16 27 15 26 14 31 13 32 12 28 11 31 10 22 9 30 8 29 7 28 6 27 5 23 4 26 3 25 2 24 1 23 0 22 

0 22 22 33 33 41 1 23 23 34 34 42 42 40 40 33 2 24 24 35 35 42 3 25 25 36 36 43 43 35 4 26 26 37 37 43 5 23 6 27 27 38 38 37 7 28 28 34 8 29 29 39 39 38 9 30 30 40 10 22 11 31 31 36 12 28 13 32 32 39 14 31 15 26 16 27 17 24 18 30 19 32 20 25 21 29 

21 29 20 25 19 32 18 30 17 24 16 27 15 26 14 31 32 39 13 32 12 28 31 36 11 31 10 22 30 40 9 30 39 38 29 39 8 29 28 34 7 28 38 37 27 38 6 27 5 23 37 43 26 37 4 26 43 35 36 43 25 36 3 25 35 42 24 35 2 24 40 33 42 40 34 42 23 34 1 23 33 41 22 33 0 22 

