40 39

38 39 31 38 37 38 30 37 36 37 29 36 35 36 28 35 34 35 27 34 33 34 26 33 32 33 24 32 25 32 17 25 2 17 3 17 16 24 0 16 1 16 18 26 4 18 5 18 19 27 6 19 7 19 20 28 8 20 9 20 21 29 10 21 11 21 22 30 12 22 13 22 23 31 14 23 15 23 

15 23 14 23 23 31 13 22 12 22 22 30 11 21 10 21 21 29 9 20 8 20 20 28 7 19 6 19 19 27 5 18 4 18 18 26 1 16 0 16 16 24 3 17 2 17 17 25 25 32 24 32 32 33 26 33 33 34 27 34 34 35 28 35 35 36 29 36 36 37 30 37 37 38 31 38 38 39 

38 39 31 38 37 38 23 31 30 37 36 37 14 23 15 23 22 30 29 36 35 36 12 22 13 22 21 29 28 35 34 35 10 21 11 21 20 28 27 34 33 34 8 20 9 20 19 27 26 33 32 33 6 19 7 19 18 26 24 32 25 32 4 18 5 18 16 24 17 25 0 16 1 16 2 17 3 17 

3 17 2 17 1 16 0 16 17 25 16 24 5 18 4 18 25 32 24 32 18 26 7 19 6 19 32 33 26 33 19 27 9 20 8 20 33 34 27 34 20 28 11 21 10 21 34 35 28 35 21 29 13 22 12 22 35 36 29 36 22 30 15 23 14 23 36 37 30 37 23 31 37 38 31 38 38 39 

0 16 1 16 2 17 3 17 4 18 5 18 6 19 7 19 8 20 9 20 10 21 11 21 12 22 13 22 14 23 15 23 16 24 17 25 18 26 19 27 20 28 21 29 22 30 23 31 24 32 25 32 26 33 27 34 28 35 29 36 30 37 31 38 32 33 33 34 34 35 35 36 36 37 37 38 38 39 

38 39 37 38 36 37 35 36 34 35 33 34 32 33 31 38 30 37 29 36 28 35 27 34 26 33 25 32 24 32 23 31 22 30 21 29 20 28 19 27 18 26 17 25 16 24 15 23 14 23 13 22 12 22 11 21 10 21 9 20 8 20 7 19 6 19 5 18 4 18 3 17 2 17 1 16 0 16 

0 16 16 24 24 32 32 33 33 34 34 35 35 36 36 37 37 38 38 39 1 16 2 17 17 25 25 32 3 17 4 18 18 26 26 33 5 18 6 19 19 27 27 34 7 19 8 20 20 28 28 35 9 20 10 21 21 29 29 36 11 21 12 22 22 30 30 37 13 22 14 23 23 31 31 38 15 23 

15 23 31 38 23 31 14 23 13 22 30 37 22 30 12 22 11 21 29 36 21 29 10 21 9 20 28 35 20 28 8 20 7 19 27 34 19 27 6 19 5 18 26 33 18 26 4 18 3 17 25 32 17 25 2 17 1 16 38 39 37 38 36 37 35 36 34 35 33 34 32 33 24 32 16 24 0 16 

