62 65

57 60
52 57
46 52
47 52
42 47
32 42
32 41
19 32
16 32
0 16
23 16
7 23
24 23
8 24
3 19
53 46
48 53
61 53
59 61
56 59
50 56
44 50
44 49
49 54
51 54
45 51
40 45
34 40
31 40
15 31
18 34
37 34
22 37
38 37
28 38
33 38
17 33
27 33
11 27
1 17
25 17
29 25
9 25
13 29
12 28
6 22
2 18
54 43
39 43
30 39
36 39
21 36
35 36
20 35
26 35
10 26
4 20
5 21
14 30
49 55
55 58
40 44
41 46
43 48
58 48

0 16
16 32
32 41
32 42
42 47
47 52
52 57
57 60
41 46
46 52
1 17
17 33
33 38
38 37
37 34
34 40
40 44
40 45
45 51
51 54
54 43
43 48
48 53
53 46
44 49
44 50
50 56
56 59
59 61
61 53
49 54
49 55
55 58
58 48
2 18
18 34
3 19
19 32
4 20
20 35
35 36
36 39
39 43
5 21
21 36
6 22
22 37
7 23
23 16
8 24
24 23
9 25
25 17
10 26
26 35
11 27
27 33
12 28
28 38
13 29
29 25
14 30
30 39
15 31
31 40

0 16
1 17
2 18
3 19
4 20
5 21
6 22
7 23
8 24
9 25
10 26
11 27
12 28
13 29
14 30
15 31
16 32
17 33
18 34
19 32
20 35
21 36
22 37
23 16
24 23
25 17
26 35
27 33
28 38
29 25
30 39
31 40
32 41
32 42
33 38
34 40
35 36
36 39
37 34
38 37
39 43
40 44
40 45
41 46
42 47
43 48
44 49
44 50
45 51
46 52
47 52
48 53
49 54
49 55
50 56
51 54
52 57
53 46
54 43
55 58
56 59
57 60
58 48
59 61
61 53

