17 16

13 14 10 14 16 10 6 10 11 6 2 6 7 11 3 7 15 16 12 15 8 12 4 8 0 4 9 13 5 9 1 5 

1 5 5 9 9 13 0 4 4 8 8 12 12 15 15 16 3 7 7 11 2 6 11 6 6 10 16 10 10 14 13 14 

13 14 10 14 9 13 16 10 6 10 5 9 15 16 11 6 2 6 1 5 12 15 7 11 8 12 3 7 4 8 0 4 

0 4 4 8 3 7 8 12 7 11 12 15 1 5 2 6 11 6 15 16 5 9 6 10 16 10 9 13 10 14 13 14 

0 4 1 5 2 6 3 7 4 8 5 9 6 10 7 11 8 12 9 13 10 14 11 6 12 15 13 14 15 16 16 10 

16 10 15 16 13 14 12 15 11 6 10 14 9 13 8 12 7 11 6 10 5 9 4 8 3 7 2 6 1 5 0 4 

0 4 4 8 8 12 12 15 15 16 16 10 10 14 1 5 5 9 9 13 13 14 2 6 6 10 3 7 7 11 11 6 

11 6 7 11 3 7 6 10 2 6 13 14 9 13 5 9 1 5 10 14 16 10 15 16 12 15 8 12 4 8 0 4 

