108 104

54 82 103 82 104 103 95 103 79 95 52 79 45 79 4 52 40 52 96 104 86 96 80 96 49 80 1 49 50 49 2 50 24 50 64 86 71 64 18 64 29 71 37 71 6 54 63 54 17 63 31 63 97 84 60 84 12 60 65 60 19 65 20 65 83 97 105 97 98 105 85 98 94 98 78 94 55 78 43 78 7 55 25 55 62 85 15 62 59 62 11 59 33 59 56 83 68 56 8 56 26 68 44 68 69 88 102 88 91 102 106 102 99 106 87 99 92 99 75 92 61 75 39 75 13 61 16 61 66 87 57 66 21 66 9 57 38 57 74 91 67 74 35 74 22 67 46 67 27 69 51 69 3 51 36 51 100 81 53 81 5 53 48 53 0 48 23 48 89 100 107 100 101 107 90 101 93 101 76 93 58 76 41 76 10 58 14 58 72 90 77 72 30 72 42 77 47 77 70 89 73 70 28 70 32 73 34 73 

34 73 32 73 28 70 73 70 70 89 47 77 42 77 30 72 77 72 72 90 14 58 10 58 41 76 58 76 76 93 93 101 90 101 101 107 107 100 89 100 23 48 0 48 48 53 5 53 53 81 100 81 36 51 3 51 51 69 27 69 46 67 22 67 35 74 67 74 74 91 38 57 9 57 21 66 57 66 66 87 16 61 13 61 39 75 61 75 75 92 92 99 87 99 99 106 106 102 91 102 102 88 69 88 44 68 26 68 8 56 68 56 56 83 33 59 11 59 59 62 15 62 62 85 25 55 7 55 43 78 55 78 78 94 94 98 85 98 98 105 105 97 83 97 20 65 19 65 65 60 12 60 60 84 97 84 31 63 17 63 63 54 6 54 37 71 29 71 18 64 71 64 64 86 24 50 2 50 50 49 1 49 49 80 80 96 86 96 96 104 40 52 4 52 45 79 52 79 79 95 95 103 104 103 103 82 54 82 

54 82 103 82 6 54 63 54 104 103 95 103 17 63 31 63 96 104 79 95 86 96 80 96 52 79 45 79 64 86 49 80 4 52 40 52 71 64 18 64 1 49 50 49 29 71 37 71 2 50 24 50 97 84 60 84 83 97 105 97 12 60 65 60 56 83 98 105 19 65 20 65 68 56 8 56 85 98 94 98 26 68 44 68 62 85 78 94 15 62 59 62 55 78 43 78 11 59 33 59 7 55 25 55 69 88 102 88 27 69 51 69 91 102 106 102 3 51 36 51 74 91 99 106 67 74 35 74 87 99 92 99 22 67 46 67 66 87 75 92 57 66 21 66 61 75 39 75 9 57 38 57 13 61 16 61 100 81 53 81 89 100 107 100 5 53 48 53 70 89 101 107 0 48 23 48 73 70 28 70 90 101 93 101 32 73 34 73 72 90 76 93 77 72 30 72 58 76 41 76 42 77 47 77 10 58 14 58 

14 58 10 58 47 77 42 77 41 76 58 76 30 72 77 72 76 93 72 90 34 73 32 73 93 101 90 101 28 70 73 70 23 48 0 48 101 107 70 89 48 53 5 53 107 100 89 100 53 81 100 81 16 61 13 61 38 57 9 57 39 75 61 75 21 66 57 66 75 92 66 87 46 67 22 67 92 99 87 99 35 74 67 74 99 106 74 91 36 51 3 51 106 102 91 102 51 69 27 69 102 88 69 88 25 55 7 55 33 59 11 59 43 78 55 78 59 62 15 62 78 94 62 85 44 68 26 68 94 98 85 98 8 56 68 56 20 65 19 65 98 105 56 83 65 60 12 60 105 97 83 97 60 84 97 84 24 50 2 50 37 71 29 71 50 49 1 49 18 64 71 64 40 52 4 52 49 80 64 86 45 79 52 79 80 96 86 96 79 95 96 104 31 63 17 63 95 103 104 103 63 54 6 54 103 82 54 82 

97 84 60 84 12 60 65 60 19 65 20 65 83 97 105 97 98 105 85 98 94 98 78 94 55 78 43 78 7 55 25 55 62 85 15 62 59 62 11 59 33 59 56 83 68 56 8 56 26 68 44 68 54 82 103 82 104 103 95 103 79 95 52 79 45 79 4 52 40 52 96 104 86 96 80 96 49 80 1 49 50 49 2 50 24 50 64 86 71 64 18 64 29 71 37 71 6 54 63 54 17 63 31 63 69 88 102 88 91 102 106 102 99 106 87 99 92 99 75 92 61 75 39 75 13 61 16 61 66 87 57 66 21 66 9 57 38 57 74 91 67 74 35 74 22 67 46 67 27 69 51 69 3 51 36 51 100 81 53 81 5 53 48 53 0 48 23 48 89 100 107 100 101 107 90 101 93 101 76 93 58 76 41 76 10 58 14 58 72 90 77 72 30 72 42 77 47 77 70 89 73 70 28 70 32 73 34 73 

34 73 32 73 28 70 73 70 70 89 47 77 42 77 30 72 77 72 72 90 14 58 10 58 41 76 58 76 76 93 93 101 90 101 101 107 107 100 89 100 23 48 0 48 48 53 5 53 53 81 100 81 36 51 3 51 51 69 27 69 46 67 22 67 35 74 67 74 74 91 38 57 9 57 21 66 57 66 66 87 16 61 13 61 39 75 61 75 75 92 92 99 87 99 99 106 106 102 91 102 102 88 69 88 31 63 17 63 63 54 6 54 37 71 29 71 18 64 71 64 64 86 24 50 2 50 50 49 1 49 49 80 80 96 86 96 96 104 40 52 4 52 45 79 52 79 79 95 95 103 104 103 103 82 54 82 44 68 26 68 8 56 68 56 56 83 33 59 11 59 59 62 15 62 62 85 25 55 7 55 43 78 55 78 78 94 94 98 85 98 98 105 105 97 83 97 20 65 19 65 65 60 12 60 60 84 97 84 

97 84 60 84 83 97 105 97 12 60 65 60 56 83 98 105 19 65 20 65 68 56 8 56 85 98 94 98 26 68 44 68 62 85 78 94 15 62 59 62 55 78 43 78 11 59 33 59 7 55 25 55 54 82 103 82 6 54 63 54 104 103 95 103 17 63 31 63 96 104 79 95 86 96 80 96 52 79 45 79 64 86 49 80 4 52 40 52 71 64 18 64 1 49 50 49 29 71 37 71 2 50 24 50 69 88 102 88 27 69 51 69 91 102 106 102 3 51 36 51 74 91 99 106 67 74 35 74 87 99 92 99 22 67 46 67 66 87 75 92 57 66 21 66 61 75 39 75 9 57 38 57 13 61 16 61 100 81 53 81 89 100 107 100 5 53 48 53 70 89 101 107 0 48 23 48 73 70 28 70 90 101 93 101 32 73 34 73 72 90 76 93 77 72 30 72 58 76 41 76 42 77 47 77 10 58 14 58 

14 58 10 58 47 77 42 77 41 76 58 76 30 72 77 72 76 93 72 90 34 73 32 73 93 101 90 101 28 70 73 70 23 48 0 48 101 107 70 89 48 53 5 53 107 100 89 100 53 81 100 81 16 61 13 61 38 57 9 57 39 75 61 75 21 66 57 66 75 92 66 87 46 67 22 67 92 99 87 99 35 74 67 74 99 106 74 91 36 51 3 51 106 102 91 102 51 69 27 69 102 88 69 88 24 50 2 50 37 71 29 71 50 49 1 49 18 64 71 64 40 52 4 52 49 80 64 86 45 79 52 79 80 96 86 96 79 95 96 104 31 63 17 63 95 103 104 103 63 54 6 54 103 82 54 82 25 55 7 55 33 59 11 59 43 78 55 78 59 62 15 62 78 94 62 85 44 68 26 68 94 98 85 98 8 56 68 56 20 65 19 65 98 105 56 83 65 60 12 60 105 97 83 97 60 84 97 84 

69 88 102 88 91 102 106 102 99 106 87 99 92 99 75 92 61 75 39 75 13 61 16 61 66 87 57 66 21 66 9 57 38 57 74 91 67 74 35 74 22 67 46 67 27 69 51 69 3 51 36 51 54 82 103 82 104 103 95 103 79 95 52 79 45 79 4 52 40 52 96 104 86 96 80 96 49 80 1 49 50 49 2 50 24 50 64 86 71 64 18 64 29 71 37 71 6 54 63 54 17 63 31 63 97 84 60 84 12 60 65 60 19 65 20 65 83 97 105 97 98 105 85 98 94 98 78 94 55 78 43 78 7 55 25 55 62 85 15 62 59 62 11 59 33 59 56 83 68 56 8 56 26 68 44 68 100 81 53 81 5 53 48 53 0 48 23 48 89 100 107 100 101 107 90 101 93 101 76 93 58 76 41 76 10 58 14 58 72 90 77 72 30 72 42 77 47 77 70 89 73 70 28 70 32 73 34 73 

34 73 32 73 28 70 73 70 70 89 47 77 42 77 30 72 77 72 72 90 14 58 10 58 41 76 58 76 76 93 93 101 90 101 101 107 107 100 89 100 23 48 0 48 48 53 5 53 53 81 100 81 44 68 26 68 8 56 68 56 56 83 33 59 11 59 59 62 15 62 62 85 25 55 7 55 43 78 55 78 78 94 94 98 85 98 98 105 105 97 83 97 20 65 19 65 65 60 12 60 60 84 97 84 31 63 17 63 63 54 6 54 37 71 29 71 18 64 71 64 64 86 24 50 2 50 50 49 1 49 49 80 80 96 86 96 96 104 40 52 4 52 45 79 52 79 79 95 95 103 104 103 103 82 54 82 36 51 3 51 51 69 27 69 46 67 22 67 35 74 67 74 74 91 38 57 9 57 21 66 57 66 66 87 16 61 13 61 39 75 61 75 75 92 92 99 87 99 99 106 106 102 91 102 102 88 69 88 

69 88 102 88 27 69 51 69 91 102 106 102 3 51 36 51 74 91 99 106 67 74 35 74 87 99 92 99 22 67 46 67 66 87 75 92 57 66 21 66 61 75 39 75 9 57 38 57 13 61 16 61 54 82 103 82 6 54 63 54 104 103 95 103 17 63 31 63 96 104 79 95 86 96 80 96 52 79 45 79 64 86 49 80 4 52 40 52 71 64 18 64 1 49 50 49 29 71 37 71 2 50 24 50 97 84 60 84 83 97 105 97 12 60 65 60 56 83 98 105 19 65 20 65 68 56 8 56 85 98 94 98 26 68 44 68 62 85 78 94 15 62 59 62 55 78 43 78 11 59 33 59 7 55 25 55 100 81 53 81 89 100 107 100 5 53 48 53 70 89 101 107 0 48 23 48 73 70 28 70 90 101 93 101 32 73 34 73 72 90 76 93 77 72 30 72 58 76 41 76 42 77 47 77 10 58 14 58 

14 58 10 58 47 77 42 77 41 76 58 76 30 72 77 72 76 93 72 90 34 73 32 73 93 101 90 101 28 70 73 70 23 48 0 48 101 107 70 89 48 53 5 53 107 100 89 100 53 81 100 81 25 55 7 55 33 59 11 59 43 78 55 78 59 62 15 62 78 94 62 85 44 68 26 68 94 98 85 98 8 56 68 56 20 65 19 65 98 105 56 83 65 60 12 60 105 97 83 97 60 84 97 84 24 50 2 50 37 71 29 71 50 49 1 49 18 64 71 64 40 52 4 52 49 80 64 86 45 79 52 79 80 96 86 96 79 95 96 104 31 63 17 63 95 103 104 103 63 54 6 54 103 82 54 82 16 61 13 61 38 57 9 57 39 75 61 75 21 66 57 66 75 92 66 87 46 67 22 67 92 99 87 99 35 74 67 74 99 106 74 91 36 51 3 51 106 102 91 102 51 69 27 69 102 88 69 88 

100 81 53 81 5 53 48 53 0 48 23 48 89 100 107 100 101 107 90 101 93 101 76 93 58 76 41 76 10 58 14 58 72 90 77 72 30 72 42 77 47 77 70 89 73 70 28 70 32 73 34 73 54 82 103 82 104 103 95 103 79 95 52 79 45 79 4 52 40 52 96 104 86 96 80 96 49 80 1 49 50 49 2 50 24 50 64 86 71 64 18 64 29 71 37 71 6 54 63 54 17 63 31 63 97 84 60 84 12 60 65 60 19 65 20 65 83 97 105 97 98 105 85 98 94 98 78 94 55 78 43 78 7 55 25 55 62 85 15 62 59 62 11 59 33 59 56 83 68 56 8 56 26 68 44 68 69 88 102 88 91 102 106 102 99 106 87 99 92 99 75 92 61 75 39 75 13 61 16 61 66 87 57 66 21 66 9 57 38 57 74 91 67 74 35 74 22 67 46 67 27 69 51 69 3 51 36 51 

36 51 3 51 51 69 27 69 46 67 22 67 35 74 67 74 74 91 38 57 9 57 21 66 57 66 66 87 16 61 13 61 39 75 61 75 75 92 92 99 87 99 99 106 106 102 91 102 102 88 69 88 44 68 26 68 8 56 68 56 56 83 33 59 11 59 59 62 15 62 62 85 25 55 7 55 43 78 55 78 78 94 94 98 85 98 98 105 105 97 83 97 20 65 19 65 65 60 12 60 60 84 97 84 31 63 17 63 63 54 6 54 37 71 29 71 18 64 71 64 64 86 24 50 2 50 50 49 1 49 49 80 80 96 86 96 96 104 40 52 4 52 45 79 52 79 79 95 95 103 104 103 103 82 54 82 34 73 32 73 28 70 73 70 70 89 47 77 42 77 30 72 77 72 72 90 14 58 10 58 41 76 58 76 76 93 93 101 90 101 101 107 107 100 89 100 23 48 0 48 48 53 5 53 53 81 100 81 

100 81 53 81 89 100 107 100 5 53 48 53 70 89 101 107 0 48 23 48 73 70 28 70 90 101 93 101 32 73 34 73 72 90 76 93 77 72 30 72 58 76 41 76 42 77 47 77 10 58 14 58 54 82 103 82 6 54 63 54 104 103 95 103 17 63 31 63 96 104 79 95 86 96 80 96 52 79 45 79 64 86 49 80 4 52 40 52 71 64 18 64 1 49 50 49 29 71 37 71 2 50 24 50 97 84 60 84 83 97 105 97 12 60 65 60 56 83 98 105 19 65 20 65 68 56 8 56 85 98 94 98 26 68 44 68 62 85 78 94 15 62 59 62 55 78 43 78 11 59 33 59 7 55 25 55 69 88 102 88 27 69 51 69 91 102 106 102 3 51 36 51 74 91 99 106 67 74 35 74 87 99 92 99 22 67 46 67 66 87 75 92 57 66 21 66 61 75 39 75 9 57 38 57 13 61 16 61 

16 61 13 61 38 57 9 57 39 75 61 75 21 66 57 66 75 92 66 87 46 67 22 67 92 99 87 99 35 74 67 74 99 106 74 91 36 51 3 51 106 102 91 102 51 69 27 69 102 88 69 88 25 55 7 55 33 59 11 59 43 78 55 78 59 62 15 62 78 94 62 85 44 68 26 68 94 98 85 98 8 56 68 56 20 65 19 65 98 105 56 83 65 60 12 60 105 97 83 97 60 84 97 84 24 50 2 50 37 71 29 71 50 49 1 49 18 64 71 64 40 52 4 52 49 80 64 86 45 79 52 79 80 96 86 96 79 95 96 104 31 63 17 63 95 103 104 103 63 54 6 54 103 82 54 82 14 58 10 58 47 77 42 77 41 76 58 76 30 72 77 72 76 93 72 90 34 73 32 73 93 101 90 101 28 70 73 70 23 48 0 48 101 107 70 89 48 53 5 53 107 100 89 100 53 81 100 81 

0 48 1 49 2 50 3 51 4 52 5 53 6 54 7 55 8 56 9 57 10 58 11 59 12 60 13 61 14 58 15 62 16 61 17 63 18 64 19 65 20 65 21 66 22 67 23 48 24 50 25 55 26 68 27 69 28 70 29 71 30 72 31 63 32 73 33 59 34 73 35 74 36 51 37 71 38 57 39 75 40 52 41 76 42 77 43 78 44 68 45 79 46 67 47 77 48 53 49 80 50 49 51 69 52 79 53 81 54 82 55 78 56 83 57 66 58 76 59 62 60 84 61 75 62 85 63 54 64 86 65 60 66 87 67 74 68 56 69 88 70 89 71 64 72 90 73 70 74 91 75 92 76 93 77 72 78 94 79 95 80 96 83 97 85 98 86 96 87 99 89 100 90 101 91 102 92 99 93 101 94 98 95 103 96 104 97 84 98 105 99 106 100 81 101 107 102 88 103 82 104 103 105 97 106 102 107 100 

107 100 106 102 105 97 104 103 103 82 102 88 101 107 100 81 99 106 98 105 97 84 96 104 95 103 94 98 93 101 92 99 91 102 90 101 89 100 87 99 86 96 85 98 83 97 80 96 79 95 78 94 77 72 76 93 75 92 74 91 73 70 72 90 71 64 70 89 69 88 68 56 67 74 66 87 65 60 64 86 63 54 62 85 61 75 60 84 59 62 58 76 57 66 56 83 55 78 54 82 53 81 52 79 51 69 50 49 49 80 48 53 47 77 46 67 45 79 44 68 43 78 42 77 41 76 40 52 39 75 38 57 37 71 36 51 35 74 34 73 33 59 32 73 31 63 30 72 29 71 28 70 27 69 26 68 25 55 24 50 23 48 22 67 21 66 20 65 19 65 18 64 17 63 16 61 15 62 14 58 13 61 12 60 11 59 10 58 9 57 8 56 7 55 6 54 5 53 4 52 3 51 2 50 1 49 0 48 

0 48 48 53 53 81 1 49 49 80 80 96 96 104 104 103 103 82 2 50 50 49 3 51 51 69 69 88 4 52 52 79 79 95 95 103 5 53 6 54 54 82 7 55 55 78 78 94 94 98 98 105 105 97 97 84 8 56 56 83 83 97 9 57 57 66 66 87 87 99 99 106 106 102 102 88 10 58 58 76 76 93 93 101 101 107 107 100 100 81 11 59 59 62 62 85 85 98 12 60 60 84 13 61 61 75 75 92 92 99 14 58 15 62 16 61 17 63 63 54 18 64 64 86 86 96 19 65 65 60 20 65 21 66 22 67 67 74 74 91 91 102 23 48 24 50 25 55 26 68 68 56 27 69 28 70 70 89 89 100 29 71 71 64 30 72 72 90 90 101 31 63 32 73 73 70 33 59 34 73 35 74 36 51 37 71 38 57 39 75 40 52 41 76 42 77 77 72 43 78 44 68 45 79 46 67 47 77 

47 77 46 67 45 79 44 68 43 78 77 72 42 77 41 76 40 52 39 75 38 57 37 71 36 51 35 74 34 73 33 59 73 70 32 73 31 63 90 101 72 90 30 72 71 64 29 71 89 100 70 89 28 70 27 69 68 56 26 68 25 55 24 50 23 48 91 102 74 91 67 74 22 67 21 66 20 65 65 60 19 65 86 96 64 86 18 64 63 54 17 63 16 61 15 62 14 58 92 99 75 92 61 75 13 61 60 84 12 60 85 98 62 85 59 62 11 59 100 81 107 100 101 107 93 101 76 93 58 76 10 58 102 88 106 102 99 106 87 99 66 87 57 66 9 57 83 97 56 83 8 56 97 84 105 97 98 105 94 98 78 94 55 78 7 55 54 82 6 54 5 53 95 103 79 95 52 79 4 52 69 88 51 69 3 51 50 49 2 50 103 82 104 103 96 104 80 96 49 80 1 49 53 81 48 53 0 48 

