62 76

22 41
23 41
50 55
59 55
59 61
60 61
56 60
51 56
51 40
20 40
21 40
42 51
43 51
26 43
27 43
3 27
11 27
11 31
7 31
31 45
30 45
6 30
10 30
10 36
14 36
36 48
38 48
15 38
48 53
46 53
32 46
34 46
9 34
9 25
1 25
8 32
8 24
0 24
53 57
54 57
54 58
47 54
49 54
37 49
39 49
19 39
18 37
33 47
35 47
17 35
16 33
45 52
44 52
28 44
29 44
5 29
4 28
2 26
8 28
8 33
9 29
9 35
10 26
10 37
11 38
11 39
12 32
13 34
24 42
25 42
40 50
52 56
56 59
57 59
57 60
58 50

0 24
24 42
42 51
51 40
51 56
56 59
56 60
60 61
59 55
59 61
40 50
50 55
1 25
25 42
2 26
26 43
43 51
3 27
27 43
4 28
28 44
44 52
52 56
5 29
29 44
6 30
30 45
45 52
7 31
31 45
8 24
8 28
8 32
8 33
33 47
47 54
54 57
54 58
58 50
57 59
57 60
32 46
46 53
53 57
9 25
9 29
9 34
9 35
35 47
34 46
10 26
10 30
10 36
10 37
37 49
49 54
36 48
48 53
11 27
11 31
11 38
11 39
39 49
38 48
12 32
13 34
14 36
15 38
16 33
17 35
18 37
19 39
20 40
21 40
22 41
23 41

0 24
1 25
2 26
3 27
4 28
5 29
6 30
7 31
8 24
8 28
8 32
8 33
9 25
9 29
9 34
9 35
10 26
10 30
10 36
10 37
11 27
11 31
11 38
11 39
12 32
13 34
14 36
15 38
16 33
17 35
18 37
19 39
20 40
21 40
22 41
23 41
24 42
25 42
26 43
27 43
28 44
29 44
30 45
31 45
32 46
33 47
34 46
35 47
36 48
37 49
38 48
39 49
40 50
42 51
43 51
44 52
45 52
46 53
47 54
48 53
49 54
50 55
51 40
51 56
52 56
53 57
54 57
54 58
56 59
56 60
57 59
57 60
58 50
59 55
59 61
60 61

