32 29

25 31 29 31 17 29 3 17 19 17 5 19 27 19 13 27 22 25 11 25 18 22 8 22 4 18 14 28 30 28 24 30 21 24 10 24 16 21 7 21 2 16 0 14 26 14 20 26 12 26 6 20 15 23 9 23 1 15 

1 15 9 23 15 23 6 20 12 26 20 26 26 14 0 14 2 16 7 21 16 21 10 24 21 24 24 30 30 28 14 28 4 18 8 22 18 22 11 25 22 25 13 27 27 19 5 19 19 17 3 17 17 29 29 31 25 31 

25 31 29 31 22 25 11 25 17 29 18 22 8 22 3 17 19 17 4 18 5 19 27 19 13 27 14 28 30 28 0 14 26 14 24 30 20 26 12 26 21 24 10 24 6 20 16 21 7 21 2 16 15 23 9 23 1 15 

1 15 9 23 15 23 2 16 7 21 16 21 6 20 10 24 21 24 12 26 20 26 24 30 26 14 0 14 30 28 14 28 13 27 27 19 5 19 4 18 19 17 3 17 8 22 18 22 17 29 11 25 22 25 29 31 25 31 

14 28 30 28 24 30 21 24 10 24 16 21 7 21 2 16 0 14 26 14 20 26 12 26 6 20 25 31 29 31 17 29 3 17 19 17 5 19 27 19 13 27 22 25 11 25 18 22 8 22 4 18 15 23 9 23 1 15 

1 15 9 23 15 23 4 18 8 22 18 22 11 25 22 25 13 27 27 19 5 19 19 17 3 17 17 29 29 31 25 31 6 20 12 26 20 26 26 14 0 14 2 16 7 21 16 21 10 24 21 24 24 30 30 28 14 28 

14 28 30 28 0 14 26 14 24 30 20 26 12 26 21 24 10 24 6 20 16 21 7 21 2 16 25 31 29 31 22 25 11 25 17 29 18 22 8 22 3 17 19 17 4 18 5 19 27 19 13 27 15 23 9 23 1 15 

1 15 9 23 15 23 13 27 27 19 5 19 4 18 19 17 3 17 8 22 18 22 17 29 11 25 22 25 29 31 25 31 2 16 7 21 16 21 6 20 10 24 21 24 12 26 20 26 24 30 26 14 0 14 30 28 14 28 

15 23 9 23 1 15 25 31 29 31 17 29 3 17 19 17 5 19 27 19 13 27 22 25 11 25 18 22 8 22 4 18 14 28 30 28 24 30 21 24 10 24 16 21 7 21 2 16 0 14 26 14 20 26 12 26 6 20 

6 20 12 26 20 26 26 14 0 14 2 16 7 21 16 21 10 24 21 24 24 30 30 28 14 28 4 18 8 22 18 22 11 25 22 25 13 27 27 19 5 19 19 17 3 17 17 29 29 31 25 31 1 15 9 23 15 23 

15 23 9 23 1 15 25 31 29 31 22 25 11 25 17 29 18 22 8 22 3 17 19 17 4 18 5 19 27 19 13 27 14 28 30 28 0 14 26 14 24 30 20 26 12 26 21 24 10 24 6 20 16 21 7 21 2 16 

2 16 7 21 16 21 6 20 10 24 21 24 12 26 20 26 24 30 26 14 0 14 30 28 14 28 13 27 27 19 5 19 4 18 19 17 3 17 8 22 18 22 17 29 11 25 22 25 29 31 25 31 1 15 9 23 15 23 

0 14 1 15 2 16 3 17 4 18 5 19 6 20 7 21 8 22 9 23 10 24 11 25 12 26 13 27 14 28 15 23 16 21 17 29 18 22 19 17 20 26 21 24 22 25 24 30 25 31 26 14 27 19 29 31 30 28 

30 28 29 31 27 19 26 14 25 31 24 30 22 25 21 24 20 26 19 17 18 22 17 29 16 21 15 23 14 28 13 27 12 26 11 25 10 24 9 23 8 22 7 21 6 20 5 19 4 18 3 17 2 16 1 15 0 14 

0 14 14 28 1 15 15 23 2 16 16 21 21 24 24 30 30 28 3 17 17 29 29 31 4 18 18 22 22 25 25 31 5 19 19 17 6 20 20 26 26 14 7 21 8 22 9 23 10 24 11 25 12 26 13 27 27 19 

27 19 13 27 12 26 11 25 10 24 9 23 8 22 7 21 26 14 20 26 6 20 19 17 5 19 25 31 22 25 18 22 4 18 29 31 17 29 3 17 30 28 24 30 21 24 16 21 2 16 15 23 1 15 14 28 0 14 

