23 23

21 22 21 17 13 17 9 13 5 9 0 5 0 4 0 6 0 7 7 11 11 15 15 19 6 10 10 14 14 18 18 20 16 20 12 16 8 12 4 8 17 16 19 21 20 21 

20 21 19 21 17 16 4 8 8 12 12 16 16 20 18 20 14 18 10 14 6 10 15 19 11 15 7 11 0 7 0 6 0 4 0 5 5 9 9 13 13 17 21 17 21 22 

21 22 19 21 20 21 21 17 15 19 18 20 16 20 13 17 11 15 14 18 12 16 9 13 7 11 10 14 8 12 5 9 0 7 6 10 4 8 0 4 0 5 0 6 17 16 

17 16 0 6 0 5 0 4 4 8 6 10 0 7 5 9 8 12 10 14 7 11 9 13 12 16 14 18 11 15 13 17 16 20 18 20 15 19 21 17 20 21 19 21 21 22 

21 22 21 17 13 17 9 13 5 9 0 5 0 4 0 6 0 7 7 11 11 15 15 19 6 10 10 14 14 18 18 20 16 20 12 16 8 12 4 8 17 16 19 21 20 21 

20 21 19 21 17 16 4 8 8 12 12 16 16 20 18 20 14 18 10 14 6 10 15 19 11 15 7 11 0 7 0 6 0 4 0 5 5 9 9 13 13 17 21 17 21 22 

21 22 19 21 20 21 21 17 15 19 18 20 16 20 13 17 11 15 14 18 12 16 9 13 7 11 10 14 8 12 5 9 0 7 6 10 4 8 0 4 0 5 0 6 17 16 

17 16 0 6 0 5 0 4 4 8 6 10 0 7 5 9 8 12 10 14 7 11 9 13 12 16 14 18 11 15 13 17 16 20 18 20 15 19 21 17 20 21 19 21 21 22 

21 22 21 17 13 17 9 13 5 9 0 5 0 4 0 6 0 7 7 11 11 15 15 19 6 10 10 14 14 18 18 20 16 20 12 16 8 12 4 8 17 16 19 21 20 21 

20 21 19 21 17 16 4 8 8 12 12 16 16 20 18 20 14 18 10 14 6 10 15 19 11 15 7 11 0 7 0 6 0 4 0 5 5 9 9 13 13 17 21 17 21 22 

21 22 19 21 20 21 21 17 15 19 18 20 16 20 13 17 11 15 14 18 12 16 9 13 7 11 10 14 8 12 5 9 0 7 6 10 4 8 0 4 0 5 0 6 17 16 

17 16 0 6 0 5 0 4 4 8 6 10 0 7 5 9 8 12 10 14 7 11 9 13 12 16 14 18 11 15 13 17 16 20 18 20 15 19 21 17 20 21 19 21 21 22 

21 22 21 17 13 17 9 13 5 9 0 5 0 4 0 6 0 7 7 11 11 15 15 19 6 10 10 14 14 18 18 20 16 20 12 16 8 12 4 8 17 16 19 21 20 21 

20 21 19 21 17 16 4 8 8 12 12 16 16 20 18 20 14 18 10 14 6 10 15 19 11 15 7 11 0 7 0 6 0 4 0 5 5 9 9 13 13 17 21 17 21 22 

21 22 19 21 20 21 21 17 15 19 18 20 16 20 13 17 11 15 14 18 12 16 9 13 7 11 10 14 8 12 5 9 0 7 6 10 4 8 0 4 0 5 0 6 17 16 

17 16 0 6 0 5 0 4 4 8 6 10 0 7 5 9 8 12 10 14 7 11 9 13 12 16 14 18 11 15 13 17 16 20 18 20 15 19 21 17 20 21 19 21 21 22 

0 4 0 5 0 6 0 7 4 8 5 9 6 10 7 11 8 12 9 13 10 14 11 15 12 16 13 17 14 18 15 19 16 20 17 16 18 20 19 21 20 21 21 22 21 17 

21 17 21 22 20 21 19 21 18 20 17 16 16 20 15 19 14 18 13 17 12 16 11 15 10 14 9 13 8 12 7 11 6 10 5 9 4 8 0 7 0 6 0 5 0 4 

0 4 0 5 0 6 0 7 7 11 11 15 15 19 19 21 21 22 21 17 17 16 16 20 20 21 6 10 10 14 14 18 18 20 5 9 9 13 13 17 4 8 8 12 12 16 

12 16 8 12 4 8 13 17 9 13 5 9 18 20 14 18 10 14 6 10 20 21 16 20 17 16 21 17 21 22 19 21 15 19 11 15 7 11 0 7 0 6 0 5 0 4 

