14 16

11 13 12 13 10 12 6 10 2 6 7 6 7 4 0 4 4 8 3 7 9 11 5 9 1 5 7 5 7 7 8 11 

8 11 7 7 7 5 1 5 5 9 9 11 3 7 4 8 0 4 7 4 7 6 2 6 6 10 10 12 12 13 11 13 

11 13 12 13 8 11 9 11 10 12 4 8 5 9 6 10 0 4 7 4 1 5 2 6 3 7 7 5 7 6 7 7 

7 7 7 6 7 5 3 7 2 6 1 5 7 4 0 4 6 10 5 9 4 8 10 12 9 11 8 11 12 13 11 13 

0 4 1 5 2 6 3 7 4 8 5 9 6 10 7 4 7 5 7 6 7 7 8 11 9 11 10 12 11 13 12 13 

12 13 11 13 10 12 9 11 8 11 7 7 7 6 7 5 7 4 6 10 5 9 4 8 3 7 2 6 1 5 0 4 

0 4 4 8 8 11 11 13 1 5 5 9 9 11 2 6 6 10 10 12 12 13 3 7 7 4 7 5 7 6 7 7 

7 7 7 6 7 5 7 4 3 7 12 13 10 12 6 10 2 6 9 11 5 9 1 5 11 13 8 11 4 8 0 4 

