256 252

0 4
0 5
1 6
1 7
2 8
2 9
3 10
3 11
4 12
4 13
5 14
5 15
6 16
6 17
7 18
7 19
8 20
8 21
9 22
9 23
10 24
10 25
11 26
11 27
12 28
12 29
13 30
13 31
14 32
14 33
15 34
15 35
16 36
16 37
17 38
17 39
18 40
18 41
19 42
19 43
20 44
20 45
21 46
21 47
22 48
22 49
23 50
23 51
24 52
24 53
25 54
25 55
26 56
26 57
27 58
27 59
28 60
28 61
29 62
29 63
30 64
30 65
31 66
31 67
32 68
32 69
33 70
33 71
34 72
34 73
35 74
35 75
36 76
36 77
37 78
37 79
38 80
38 81
39 82
39 83
40 84
40 85
41 86
41 87
42 88
42 89
43 90
43 91
44 92
44 93
45 94
45 95
46 96
46 97
47 98
47 99
48 100
48 101
49 102
49 103
50 104
50 105
51 106
51 107
52 108
52 109
53 110
53 111
54 112
54 113
55 114
55 115
56 116
56 117
57 118
57 119
58 120
58 121
59 122
59 123
60 124
60 125
61 126
61 127
62 128
62 129
63 130
63 131
64 132
64 133
65 134
65 135
66 136
66 137
67 138
67 139
68 140
68 141
69 142
69 143
70 144
70 145
71 146
71 147
72 148
72 149
73 150
73 151
74 152
74 153
75 154
75 155
76 156
76 157
77 158
77 159
78 160
78 161
79 162
79 163
80 164
80 165
81 166
81 167
82 168
82 169
83 170
83 171
84 172
84 173
85 174
85 175
86 176
86 177
87 178
87 179
88 180
88 181
89 182
89 183
90 184
90 185
91 186
91 187
92 188
92 189
93 190
93 191
94 192
94 193
95 194
95 195
96 196
96 197
97 198
97 199
98 200
98 201
99 202
99 203
100 204
100 205
101 206
101 207
102 208
102 209
103 210
103 211
104 212
104 213
105 214
105 215
106 216
106 217
107 218
107 219
108 220
108 221
109 222
109 223
110 224
110 225
111 226
111 227
112 228
112 229
113 230
113 231
114 232
114 233
115 234
115 235
116 236
116 237
117 238
117 239
118 240
118 241
119 242
119 243
120 244
120 245
121 246
121 247
122 248
122 249
123 250
123 251
124 252
156 253
188 254
220 255

0
1
2
3
125
126
127
128
129
130
131
132
133
134
135
136
137
138
139
140
141
142
143
144
145
146
147
148
149
150
151
152
153
154
155
252
157
158
159
160
161
162
163
164
165
166
167
168
169
170
171
172
173
174
175
176
177
178
179
180
181
182
183
184
185
186
187
253
189
190
191
192
193
194
195
196
197
198
199
200
201
202
203
204
205
206
207
208
209
210
211
212
213
214
215
216
217
218
219
254
221
222
223
224
225
226
227
228
229
230
231
232
233
234
235
236
237
238
239
240
241
242
243
244
245
246
247
248
249
250
251
255
