96 93

0 3
0 4
1 5
1 6
2 7
2 8
3 9
3 10
4 11
4 12
5 13
5 14
6 15
6 16
7 17
7 18
8 19
8 20
9 21
9 22
10 23
10 24
11 25
11 26
12 27
12 28
13 29
13 30
14 31
14 32
15 33
15 34
16 35
16 36
17 37
17 38
18 39
18 40
19 41
19 42
20 43
20 44
21 45
21 46
22 47
22 48
23 49
23 50
24 51
24 52
25 53
25 54
26 55
26 56
27 57
27 58
28 59
28 60
29 61
29 62
30 63
30 64
31 65
31 66
32 67
32 68
33 69
33 70
34 71
34 72
35 73
35 74
36 75
36 76
37 77
37 78
38 79
38 80
39 81
39 82
40 83
40 84
41 85
41 86
42 87
42 88
43 89
43 90
44 91
44 92
45 93
61 94
77 95

0
1
2
46
47
48
49
50
51
52
53
54
55
56
57
58
59
60
93
62
63
64
65
66
67
68
69
70
71
72
73
74
75
76
94
78
79
80
81
82
83
84
85
86
87
88
89
90
91
92
95
