192 189

0 3
0 4
1 5
1 6
2 7
2 8
3 9
3 10
4 11
4 12
5 13
5 14
6 15
6 16
7 17
7 18
8 19
8 20
9 21
9 22
10 23
10 24
11 25
11 26
12 27
12 28
13 29
13 30
14 31
14 32
15 33
15 34
16 35
16 36
17 37
17 38
18 39
18 40
19 41
19 42
20 43
20 44
21 45
21 46
22 47
22 48
23 49
23 50
24 51
24 52
25 53
25 54
26 55
26 56
27 57
27 58
28 59
28 60
29 61
29 62
30 63
30 64
31 65
31 66
32 67
32 68
33 69
33 70
34 71
34 72
35 73
35 74
36 75
36 76
37 77
37 78
38 79
38 80
39 81
39 82
40 83
40 84
41 85
41 86
42 87
42 88
43 89
43 90
44 91
44 92
45 93
45 94
46 95
46 96
47 97
47 98
48 99
48 100
49 101
49 102
50 103
50 104
51 105
51 106
52 107
52 108
53 109
53 110
54 111
54 112
55 113
55 114
56 115
56 116
57 117
57 118
58 119
58 120
59 121
59 122
60 123
60 124
61 125
61 126
62 127
62 128
63 129
63 130
64 131
64 132
65 133
65 134
66 135
66 136
67 137
67 138
68 139
68 140
69 141
69 142
70 143
70 144
71 145
71 146
72 147
72 148
73 149
73 150
74 151
74 152
75 153
75 154
76 155
76 156
77 157
77 158
78 159
78 160
79 161
79 162
80 163
80 164
81 165
81 166
82 167
82 168
83 169
83 170
84 171
84 172
85 173
85 174
86 175
86 176
87 177
87 178
88 179
88 180
89 181
89 182
90 183
90 184
91 185
91 186
92 187
92 188
93 189
125 190
157 191

0
1
2
94
95
96
97
98
99
100
101
102
103
104
105
106
107
108
109
110
111
112
113
114
115
116
117
118
119
120
121
122
123
124
189
126
127
128
129
130
131
132
133
134
135
136
137
138
139
140
141
142
143
144
145
146
147
148
149
150
151
152
153
154
155
156
190
158
159
160
161
162
163
164
165
166
167
168
169
170
171
172
173
174
175
176
177
178
179
180
181
182
183
184
185
186
187
188
191
