128 124

0 4
0 5
1 6
1 7
2 8
2 9
3 10
3 11
4 12
4 13
5 14
5 15
6 16
6 17
7 18
7 19
8 20
8 21
9 22
9 23
10 24
10 25
11 26
11 27
12 28
12 29
13 30
13 31
14 32
14 33
15 34
15 35
16 36
16 37
17 38
17 39
18 40
18 41
19 42
19 43
20 44
20 45
21 46
21 47
22 48
22 49
23 50
23 51
24 52
24 53
25 54
25 55
26 56
26 57
27 58
27 59
28 60
28 61
29 62
29 63
30 64
30 65
31 66
31 67
32 68
32 69
33 70
33 71
34 72
34 73
35 74
35 75
36 76
36 77
37 78
37 79
38 80
38 81
39 82
39 83
40 84
40 85
41 86
41 87
42 88
42 89
43 90
43 91
44 92
44 93
45 94
45 95
46 96
46 97
47 98
47 99
48 100
48 101
49 102
49 103
50 104
50 105
51 106
51 107
52 108
52 109
53 110
53 111
54 112
54 113
55 114
55 115
56 116
56 117
57 118
57 119
58 120
58 121
59 122
59 123
60 124
76 125
92 126
108 127

0
1
2
3
61
62
63
64
65
66
67
68
69
70
71
72
73
74
75
124
77
78
79
80
81
82
83
84
85
86
87
88
89
90
91
125
93
94
95
96
97
98
99
100
101
102
103
104
105
106
107
126
109
110
111
112
113
114
115
116
117
118
119
120
121
122
123
127
