112 108

0 48
1 49
2 50
3 51
4 52
5 53
6 54
7 55
8 56
9 57
10 58
11 59
12 60
13 61
14 58
15 62
16 61
17 63
18 64
19 65
20 65
21 66
22 67
23 48
24 50
25 55
26 68
27 69
28 70
29 71
30 72
31 63
32 73
33 59
34 73
35 74
36 51
37 71
38 57
39 75
40 52
41 76
42 77
43 78
44 68
45 79
46 67
47 77
48 53
49 80
50 49
51 69
52 79
53 81
54 82
55 78
56 83
57 66
58 76
59 62
60 84
61 75
62 85
63 54
64 86
65 60
66 87
67 74
68 56
69 88
70 89
71 64
72 90
73 70
74 91
75 92
76 93
77 72
78 94
79 95
80 96
81 97
82 98
83 99
84 100
85 101
86 96
87 102
88 103
89 104
90 105
91 106
92 102
93 105
94 101
95 107
96 108
99 84
101 109
102 110
104 81
105 111
106 88
107 82
108 107
109 99
110 106
111 104

0
1
2
3
4
5
6
7
8
9
10
11
12
13
14
15
16
17
18
19
20
21
22
23
24
25
26
27
28
29
30
31
32
33
34
35
36
37
38
39
40
41
42
43
44
45
46
47
98
100
103
97
