175 218

0 24
1 25
2 26
3 27
4 28
5 29
6 30
7 31
8 32
9 33
10 34
11 35
12 36
13 37
14 38
15 39
16 40
17 41
18 42
19 43
20 44
21 45
22 46
23 47
24 48
25 49
26 50
27 51
28 52
29 53
30 54
31 55
32 56
33 57
34 58
35 59
36 60
37 61
38 62
39 63
40 64
41 65
42 66
43 67
44 68
45 69
46 70
47 71
48 72
49 73
50 74
51 75
52 76
53 77
54 72
55 78
56 79
57 74
58 80
59 81
60 82
61 83
62 84
63 85
64 85
65 79
66 86
67 83
68 87
69 77
70 81
71 84
72 88
72 89
74 90
74 91
77 92
77 93
79 94
79 95
81 96
81 97
83 98
83 99
84 100
84 101
85 102
85 103
88 104
88 105
89 106
89 107
90 108
90 109
91 110
91 111
92 112
92 113
93 111
93 114
94 115
94 116
95 117
95 118
96 119
96 120
97 107
97 106
98 117
98 121
99 122
99 123
100 124
100 121
101 125
101 126
102 118
102 127
103 116
103 128
104 129
105 130
106 131
107 132
107 133
108 134
109 112
109 135
110 136
111 137
111 138
112 139
112 140
113 141
114 142
114 128
115 143
116 144
116 145
117 146
118 147
118 142
119 148
120 134
121 149
121 137
122 150
123 124
123 151
124 140
124 139
125 129
126 130
127 141
128 152
129 49
130 60
131 153
132 115
132 154
133 155
133 156
134 68
135 148
136 157
136 158
137 159
138 160
139 154
139 161
140 162
141 51
142 163
143 58
144 136
145 164
145 165
146 55
147 156
147 132
148 66
149 166
150 108
150 167
151 143
152 52
153 155
154 146
155 168
155 169
156 104
156 105
157 163
158 170
158 127
159 171
160 172
161 168
161 151
162 173
163 125
163 126
164 113
164 170
165 119
165 120
166 174
167 135
167 110
168 150
169 165
169 164
170 152
171 174
171 172
172 122
173 144
174 157

0
1
2
3
4
5
6
7
8
9
10
11
12
13
14
15
16
17
18
19
20
21
22
23
78
80
87
82
73
75
76
86
