181 218

0 24
1 25
2 26
3 27
4 28
5 29
6 30
7 31
8 32
9 33
10 34
11 35
12 36
13 37
14 38
15 39
16 40
17 41
18 42
19 43
20 44
21 45
22 46
23 47
24 48
25 49
26 50
27 51
28 52
29 53
30 54
31 55
32 56
33 57
34 58
35 59
36 60
37 61
38 62
39 63
40 64
41 65
42 66
43 67
44 68
45 69
46 70
47 71
48 72
49 73
50 74
51 75
52 74
53 76
54 77
55 78
56 79
57 75
58 80
59 81
60 76
61 82
62 83
63 84
64 83
65 72
66 85
67 86
68 82
69 87
70 86
71 79
72 88
72 89
74 90
74 91
75 92
75 93
76 94
76 95
79 96
79 97
82 88
82 89
83 98
83 99
86 96
86 97
88 100
88 101
89 102
89 103
90 104
90 105
91 106
91 107
92 108
92 109
93 110
93 105
94 111
94 112
95 113
95 106
96 102
96 103
97 114
97 101
98 109
98 115
99 116
99 112
100 117
101 118
102 119
103 120
104 121
105 122
105 123
106 104
106 124
107 125
108 126
109 127
109 126
110 128
111 129
112 130
112 131
113 111
114 132
115 133
116 134
117 135
118 136
118 137
119 138
120 139
121 140
122 141
122 140
123 142
123 143
124 144
124 145
125 121
126 128
127 146
127 134
128 142
129 147
130 148
130 149
131 150
131 151
132 152
133 153
134 133
135 154
136 155
136 156
137 117
137 129
138 59
139 55
140 157
141 148
141 158
142 159
143 160
144 145
144 156
145 147
146 110
146 115
147 161
148 162
149 163
149 164
150 153
150 161
151 165
151 166
152 167
153 168
154 58
155 132
155 144
156 125
157 169
158 170
158 143
159 171
160 172
160 173
161 174
162 163
162 160
163 150
164 166
164 165
165 174
166 168
167 69
168 175
169 176
170 173
170 172
171 177
172 159
173 157
174 178
175 179
176 63
177 49
178 180
179 54
180 66

0
1
2
3
4
5
6
7
8
9
10
11
12
13
14
15
16
17
18
19
20
21
22
23
77
84
87
78
73
81
85
80
