1000
255 15 7 16 11 255 12 3 10 6 255 8 4 14 2 255 255 0 13 9 255 255 255 1 5
255 255 255 255 255 8 4 0 255 255 12 15 255 1 5 7 11 6 2 9 3 16 10 14 13
0 4 8 12 15 255 13 14 10 16 255 9 5 6 11 255 255 1 2 7 255 255 255 255 3
2 6 10 16 15 255 11 14 5 12 255 7 13 9 8 255 3 255 1 4 255 255 255 255 0
255 255 255 255 255 15 12 8 255 255 7 3 4 0 255 16 10 14 13 1 11 6 2 9 5
255 14 10 16 3 255 13 6 11 7 255 9 2 15 12 255 5 1 255 8 255 255 255 0 4
2 255 255 255 255 6 11 7 3 255 10 14 13 255 255 16 5 9 1 255 15 12 8 4 0
13 14 10 16 3 9 5 6 11 7 255 1 2 15 12 255 255 255 255 8 255 255 255 0 4
255 255 255 255 255 14 13 9 5 255 10 6 2 1 255 16 11 15 255 0 3 7 12 8 4
255 8 12 7 3 255 4 15 11 16 255 0 255 6 10 255 255 1 2 14 255 255 5 9 13
13 9 255 255 255 14 5 1 255 255 10 6 2 255 255 16 11 15 255 0 3 7 12 8 4
255 255 255 255 2 255 3 7 11 6 255 255 13 14 10 255 1 9 5 16 0 4 8 12 15
255 15 7 16 11 255 12 3 10 6 255 8 4 14 2 255 255 0 13 9 255 255 255 1 5
255 255 255 255 255 8 4 0 255 255 12 15 255 1 5 7 11 6 2 9 3 16 10 14 13
0 4 8 12 15 255 13 14 10 16 255 9 5 6 11 255 255 1 2 7 255 255 255 255 3
2 6 10 16 15 255 11 14 5 12 255 7 13 9 8 255 3 255 1 4 255 255 255 255 0
255 255 255 255 255 15 12 8 255 255 7 3 4 0 255 16 10 14 13 1 11 6 2 9 5
255 14 10 16 3 255 13 6 11 7 255 9 2 15 12 255 5 1 255 8 255 255 255 0 4
2 255 255 255 255 6 11 7 3 255 10 14 13 255 255 16 5 9 1 255 15 12 8 4 0
255 8 12 7 3 255 4 15 11 16 255 0 255 6 10 255 255 1 2 14 255 255 5 9 13
13 9 255 255 255 14 5 1 255 255 10 6 2 255 255 16 11 15 255 0 3 7 12 8 4
255 255 255 255 2 255 3 7 11 6 255 255 13 14 10 255 1 9 5 16 0 4 8 12 15
255 15 7 16 11 255 12 3 10 6 255 8 4 14 2 255 255 0 13 9 255 255 255 1 5
255 255 255 255 255 8 4 0 255 255 12 15 255 1 5 7 11 6 2 9 3 16 10 14 13
0 4 8 12 15 255 13 14 10 16 255 9 5 6 11 255 255 1 2 7 255 255 255 255 3
2 6 10 16 15 255 11 14 5 12 255 7 13 9 8 255 3 255 1 4 255 255 255 255 0
255 255 255 255 255 15 12 8 255 255 7 3 4 0 255 16 10 14 13 1 11 6 2 9 5
255 14 10 16 3 255 13 6 11 7 255 9 2 15 12 255 5 1 255 8 255 255 255 0 4
2 255 255 255 255 6 11 7 3 255 10 14 13 255 255 16 5 9 1 255 15 12 8 4 0
13 14 10 16 3 9 5 6 11 7 255 1 2 15 12 255 255 255 255 8 255 255 255 0 4
255 255 255 255 255 14 13 9 5 255 10 6 2 1 255 16 11 15 255 0 3 7 12 8 4
255 8 12 7 3 255 4 15 11 16 255 0 255 6 10 255 255 1 2 14 255 255 5 9 13
13 9 255 255 255 14 5 1 255 255 10 6 2 255 255 16 11 15 255 0 3 7 12 8 4
255 255 255 255 2 255 3 7 11 6 255 255 13 14 10 255 1 9 5 16 0 4 8 12 15
255 15 7 16 11 255 12 3 10 6 255 8 4 14 2 255 255 0 13 9 255 255 255 1 5
255 255 255 255 255 8 4 0 255 255 12 15 255 1 5 7 11 6 2 9 3 16 10 14 13
0 4 8 12 15 255 13 14 10 16 255 9 5 6 11 255 255 1 2 7 255 255 255 255 3
2 6 10 16 15 255 11 14 5 12 255 7 13 9 8 255 3 255 1 4 255 255 255 255 0
255 255 255 255 255 15 12 8 255 255 7 3 4 0 255 16 10 14 13 1 11 6 2 9 5
13 9 255 255 255 14 5 1 255 255 10 6 2 255 255 16 11 15 255 0 3 7 12 8 4
255 255 255 255 2 255 3 7 11 6 255 255 13 14 10 255 1 9 5 16 0 4 8 12 15
255 15 7 16 11 255 12 3 10 6 255 8 4 14 2 255 255 0 13 9 255 255 255 1 5
255 255 255 255 255 8 4 0 255 255 12 15 255 1 5 7 11 6 2 9 3 16 10 14 13
0 4 8 12 15 255 13 14 10 16 255 9 5 6 11 255 255 1 2 7 255 255 255 255 3
2 6 10 16 15 255 11 14 5 12 255 7 13 9 8 255 3 255 1 4 255 255 255 255 0
255 255 255 255 255 15 12 8 255 255 7 3 4 0 255 16 10 14 13 1 11 6 2 9 5
255 14 10 16 3 255 13 6 11 7 255 9 2 15 12 255 5 1 255 8 255 255 255 0 4
2 255 255 255 255 6 11 7 3 255 10 14 13 255 255 16 5 9 1 255 15 12 8 4 0
13 14 10 16 3 9 5 6 11 7 255 1 2 15 12 255 255 255 255 8 255 255 255 0 4
255 255 255 255 255 14 13 9 5 255 10 6 2 1 255 16 11 15 255 0 3 7 12 8 4
255 8 12 7 3 255 4 15 11 16 255 0 255 6 10 255 255 1 2 14 255 255 5 9 13
13 9 255 255 255 14 5 1 255 255 10 6 2 255 255 16 11 15 255 0 3 7 12 8 4
255 255 255 255 2 255 3 7 11 6 255 255 13 14 10 255 1 9 5 16 0 4 8 12 15
255 15 7 16 11 255 12 3 10 6 255 8 4 14 2 255 255 0 13 9 255 255 255 1 5
255 255 255 255 255 8 4 0 255 255 12 15 255 1 5 7 11 6 2 9 3 16 10 14 13
0 4 8 12 15 255 13 14 10 16 255 9 5 6 11 255 255 1 2 7 255 255 255 255 3
2 6 10 16 15 255 11 14 5 12 255 7 13 9 8 255 3 255 1 4 255 255 255 255 0
255 255 255 255 255 15 12 8 255 255 7 3 4 0 255 16 10 14 13 1 11 6 2 9 5
255 14 10 16 3 255 13 6 11 7 255 9 2 15 12 255 5 1 255 8 255 255 255 0 4
13 14 10 16 3 9 5 6 11 7 255 1 2 15 12 255 255 255 255 8 255 255 255 0 4
255 255 255 255 255 14 13 9 5 255 10 6 2 1 255 16 11 15 255 0 3 7 12 8 4
255 8 12 7 3 255 4 15 11 16 255 0 255 6 10 255 255 1 2 14 255 255 5 9 13
13 9 255 255 255 14 5 1 255 255 10 6 2 255 255 16 11 15 255 0 3 7 12 8 4
255 255 255 255 2 255 3 7 11 6 255 255 13 14 10 255 1 9 5 16 0 4 8 12 15
255 15 7 16 11 255 12 3 10 6 255 8 4 14 2 255 255 0 13 9 255 255 255 1 5
255 255 255 255 255 8 4 0 255 255 12 15 255 1 5 7 11 6 2 9 3 16 10 14 13
0 4 8 12 15 255 13 14 10 16 255 9 5 6 11 255 255 1 2 7 255 255 255 255 3
2 6 10 16 15 255 11 14 5 12 255 7 13 9 8 255 3 255 1 4 255 255 255 255 0
255 255 255 255 255 15 12 8 255 255 7 3 4 0 255 16 10 14 13 1 11 6 2 9 5
255 14 10 16 3 255 13 6 11 7 255 9 2 15 12 255 5 1 255 8 255 255 255 0 4
2 255 255 255 255 6 11 7 3 255 10 14 13 255 255 16 5 9 1 255 15 12 8 4 0
13 14 10 16 3 9 5 6 11 7 255 1 2 15 12 255 255 255 255 8 255 255 255 0 4
255 255 255 255 255 14 13 9 5 255 10 6 2 1 255 16 11 15 255 0 3 7 12 8 4
255 8 12 7 3 255 4 15 11 16 255 0 255 6 10 255 255 1 2 14 255 255 5 9 13
13 9 255 255 255 14 5 1 255 255 10 6 2 255 255 16 11 15 255 0 3 7 12 8 4
255 255 255 255 2 255 3 7 11 6 255 255 13 14 10 255 1 9 5 16 0 4 8 12 15
255 15 7 16 11 255 12 3 10 6 255 8 4 14 2 255 255 0 13 9 255 255 255 1 5
255 255 255 255 255 8 4 0 255 255 12 15 255 1 5 7 11 6 2 9 3 16 10 14 13
0 4 8 12 15 255 13 14 10 16 255 9 5 6 11 255 255 1 2 7 255 255 255 255 3
255 255 255 255 2 255 3 7 11 6 255 255 13 14 10 0 255 9 5 16 4 8 12 1 15
0 255 255 255 255 4 3 255 255 255 8 7 2 1 255 12 11 6 5 9 15 16 10 14 13
2 6 10 16 15 255 11 14 5 1 255 7 13 9 12 255 3 255 255 8 255 255 255 0 4
0 4 8 12 15 255 3 7 11 16 255 255 2 6 10 255 255 1 5 14 255 255 255 9 13
13 14 10 16 15 9 5 6 11 12 255 1 2 7 8 255 255 255 3 4 255 255 255 255 0
2 255 255 255 255 6 11 7 3 255 10 14 13 255 255 16 5 9 255 0 15 1 12 8 4
8 12 15 16 255 4 2 6 10 255 0 7 11 14 255 255 3 1 13 255 255 255 5 9 255
0 255 255 255 255 4 3 255 255 255 8 7 2 1 255 12 11 6 5 9 15 16 10 14 13
13 14 10 16 15 9 5 6 11 12 255 1 2 7 8 255 255 255 3 4 255 255 255 255 0
0 4 8 12 15 255 3 7 11 16 255 255 2 6 10 255 255 1 5 14 255 255 255 9 13
13 9 255 255 255 14 5 1 255 255 10 6 2 255 255 16 11 7 3 255 15 12 8 4 0
255 255 255 255 2 255 3 7 11 6 255 255 13 14 10 0 255 9 5 16 4 8 12 1 15
0 255 255 255 255 4 3 255 255 255 8 7 2 1 255 12 11 6 5 9 15 16 10 14 13
2 6 10 16 15 255 11 14 5 1 255 7 13 9 12 255 3 255 255 8 255 255 255 0 4
0 4 8 12 15 255 3 7 11 16 255 255 2 6 10 255 255 1 5 14 255 255 255 9 13
13 14 10 16 15 9 5 6 11 12 255 1 2 7 8 255 255 255 3 4 255 255 255 255 0
2 255 255 255 255 6 11 7 3 255 10 14 13 255 255 16 5 9 255 0 15 1 12 8 4
0 4 8 12 15 255 3 7 11 16 255 255 2 6 10 255 255 1 5 14 255 255 255 9 13
13 9 255 255 255 14 5 1 255 255 10 6 2 255 255 16 11 7 3 255 15 12 8 4 0
255 255 255 255 2 255 3 7 11 6 255 255 13 14 10 0 255 9 5 16 4 8 12 1 15
0 255 255 255 255 4 3 255 255 255 8 7 2 1 255 12 11 6 5 9 15 16 10 14 13
2 6 10 16 15 255 11 14 5 1 255 7 13 9 12 255 3 255 255 8 255 255 255 0 4
0 4 8 12 15 255 3 7 11 16 255 255 2 6 10 255 255 1 5 14 255 255 255 9 13
13 14 10 16 15 9 5 6 11 12 255 1 2 7 8 255 255 255 3 4 255 255 255 255 0
2 255 255 255 255 6 11 7 3 255 10 14 13 255 255 16 5 9 255 0 15 1 12 8 4
8 12 15 16 255 4 2 6 10 255 0 7 11 14 255 255 3 1 13 255 255 255 5 9 255
0 255 255 255 255 4 3 255 255 255 8 7 2 1 255 12 11 6 5 9 15 16 10 14 13
13 14 10 16 15 9 5 6 11 12 255 1 2 7 8 255 255 255 3 4 255 255 255 255 0
0 4 8 12 15 255 3 7 11 16 255 255 2 6 10 255 255 1 5 14 255 255 255 9 13
13 9 255 255 255 14 5 1 255 255 10 6 2 255 255 16 11 7 3 255 15 12 8 4 0
255 255 255 255 2 255 3 7 11 6 255 255 13 14 10 0 255 9 5 16 4 8 12 1 15
0 255 255 255 255 4 3 255 255 255 8 7 2 1 255 12 11 6 5 9 15 16 10 14 13
2 6 10 16 15 255 11 14 5 1 255 7 13 9 12 255 3 255 255 8 255 255 255 0 4
0 4 8 12 15 255 3 7 11 16 255 255 2 6 10 255 255 1 5 14 255 255 255 9 13
13 9 255 255 255 14 5 1 255 255 10 6 2 255 255 16 11 7 3 255 15 12 8 4 0
255 255 255 255 2 255 3 7 11 6 255 255 13 14 10 0 255 9 5 16 4 8 12 1 15
0 255 255 255 255 4 3 255 255 255 8 7 2 1 255 12 11 6 5 9 15 16 10 14 13
2 6 10 16 15 255 11 14 5 1 255 7 13 9 12 255 3 255 255 8 255 255 255 0 4
0 4 8 12 15 255 3 7 11 16 255 255 2 6 10 255 255 1 5 14 255 255 255 9 13
13 14 10 16 15 9 5 6 11 12 255 1 2 7 8 255 255 255 3 4 255 255 255 255 0
2 255 255 255 255 6 11 7 3 255 10 14 13 255 255 16 5 9 255 0 15 1 12 8 4
8 12 15 16 255 4 2 6 10 255 0 7 11 14 255 255 3 1 13 255 255 255 5 9 255
0 255 255 255 255 4 3 255 255 255 8 7 2 1 255 12 11 6 5 9 15 16 10 14 13
13 14 10 16 15 9 5 6 11 12 255 1 2 7 8 255 255 255 3 4 255 255 255 255 0
0 4 8 12 15 255 3 7 11 16 255 255 2 6 10 255 255 1 5 14 255 255 255 9 13
13 9 255 255 255 14 5 1 255 255 10 6 2 255 255 16 11 7 3 255 15 12 8 4 0
255 255 255 255 2 255 3 7 11 6 255 255 13 14 10 0 255 9 5 16 4 8 12 1 15
0 255 255 255 255 4 3 255 255 255 8 7 2 1 255 12 11 6 5 9 15 16 10 14 13
2 6 10 16 15 255 11 14 5 1 255 7 13 9 12 255 3 255 255 8 255 255 255 0 4
0 4 8 12 15 255 3 7 11 16 255 255 2 6 10 255 255 1 5 14 255 255 255 9 13
8 12 15 16 255 4 2 6 10 255 0 7 11 14 255 255 3 1 13 255 255 255 5 9 255
0 255 255 255 255 4 3 255 255 255 8 7 2 1 255 12 11 6 5 9 15 16 10 14 13
13 14 10 16 15 9 5 6 11 12 255 1 2 7 8 255 255 255 3 4 255 255 255 255 0
0 4 8 12 15 255 3 7 11 16 255 255 2 6 10 255 255 1 5 14 255 255 255 9 13
13 9 255 255 255 14 5 1 255 255 10 6 2 255 255 16 11 7 3 255 15 12 8 4 0
255 255 255 255 2 255 3 7 11 6 255 255 13 14 10 0 255 9 5 16 4 8 12 1 15
0 255 255 255 255 4 3 255 255 255 8 7 2 1 255 12 11 6 5 9 15 16 10 14 13
2 6 10 16 15 255 11 14 5 1 255 7 13 9 12 255 3 255 255 8 255 255 255 0 4
0 4 8 12 15 255 3 7 11 16 255 255 2 6 10 255 255 1 5 14 255 255 255 9 13
13 14 10 16 15 9 5 6 11 12 255 1 2 7 8 255 255 255 3 4 255 255 255 255 0
2 255 255 255 255 6 11 7 3 255 10 14 13 255 255 16 5 9 255 0 15 1 12 8 4
8 12 15 16 255 4 2 6 10 255 0 7 11 14 255 255 3 1 13 255 255 255 5 9 255
0 255 255 255 255 4 3 255 255 255 8 7 2 1 255 12 11 6 5 9 15 16 10 14 13
13 14 10 16 15 9 5 6 11 12 255 1 2 7 8 255 255 255 3 4 255 255 255 255 0
0 4 8 12 15 255 3 7 11 16 255 255 2 6 10 255 255 1 5 14 255 255 255 9 13
13 9 255 255 255 14 5 1 255 255 10 6 2 255 255 16 11 7 3 255 15 12 8 4 0
255 255 255 255 2 255 3 7 11 6 255 255 13 14 10 0 255 9 5 16 4 8 12 1 15
0 255 255 255 255 4 3 255 255 255 8 7 2 1 255 12 11 6 5 9 15 16 10 14 13
7 4 8 12 15 3 0 1 5 16 11 2 6 9 10 255 255 255 13 14 255 255 255 255 255
7 3 11 255 255 4 0 2 255 255 8 1 6 255 255 12 5 9 13 255 15 16 10 14 255
7 4 8 12 15 3 0 1 5 16 11 2 6 9 10 255 255 255 13 14 255 255 255 255 255
7 3 11 255 255 4 0 2 255 255 8 1 6 255 255 12 5 9 13 255 15 16 10 14 255
7 4 8 12 15 3 0 1 5 16 11 2 6 9 10 255 255 255 13 14 255 255 255 255 255
7 3 11 255 255 4 0 2 255 255 8 1 6 255 255 12 5 9 13 255 15 16 10 14 255
7 4 8 12 15 3 0 1 5 16 11 2 6 9 10 255 255 255 13 14 255 255 255 255 255
7 4 8 12 15 3 0 1 5 16 11 2 6 9 10 255 255 255 13 14 255 255 255 255 255
7 3 11 255 255 4 0 2 255 255 8 1 6 255 255 12 5 9 13 255 15 16 10 14 255
7 4 8 12 15 3 0 1 5 16 11 2 6 9 10 255 255 255 13 14 255 255 255 255 255
7 4 8 12 15 3 0 1 5 16 11 2 6 9 10 255 255 255 13 14 255 255 255 255 255
7 3 11 255 255 4 0 2 255 255 8 1 6 255 255 12 5 9 13 255 15 16 10 14 255
255 14 2 13 255 16 10 6 9 255 3 7 11 5 255 15 12 0 1 255 255 8 4 255 255
255 14 2 13 255 16 10 6 9 255 3 7 11 5 255 15 12 0 1 255 255 8 4 255 255
255 14 2 13 255 16 10 6 9 255 3 7 11 5 255 15 12 0 1 255 255 8 4 255 255
255 14 2 13 255 16 10 6 9 255 3 7 11 5 255 15 12 0 1 255 255 8 4 255 255
255 14 2 13 255 16 10 6 9 255 3 7 11 5 255 15 12 0 1 255 255 8 4 255 255
255 14 2 13 255 16 10 6 9 255 3 7 11 5 255 15 12 0 1 255 255 8 4 255 255
255 255 255 9 13 255 255 1 5 14 255 0 11 6 10 255 4 7 3 16 255 8 12 2 15
13 14 10 16 15 9 5 6 3 2 255 1 11 7 12 255 255 0 4 8 255 255 255 255 255
13 9 255 255 255 14 5 1 255 255 10 6 11 0 255 16 3 7 4 255 15 2 12 8 255
255 255 255 9 13 255 255 1 5 14 255 0 11 6 10 255 4 7 3 16 255 8 12 2 15
13 14 10 16 15 9 5 6 3 2 255 1 11 7 12 255 255 0 4 8 255 255 255 255 255
255 255 255 9 13 255 255 1 5 14 255 0 11 6 10 255 4 7 3 16 255 8 12 2 15
13 14 10 16 15 9 5 6 3 2 255 1 11 7 12 255 255 0 4 8 255 255 255 255 255
13 9 255 255 255 14 5 1 255 255 10 6 11 0 255 16 3 7 4 255 15 2 12 8 255
255 255 255 9 13 255 255 1 5 14 255 0 11 6 10 255 4 7 3 16 255 8 12 2 15
13 14 10 16 15 9 5 6 3 2 255 1 11 7 12 255 255 0 4 8 255 255 255 255 255
255 255 255 9 13 255 255 1 5 14 255 0 11 6 10 255 4 7 3 16 255 8 12 2 15
13 14 10 16 15 9 5 6 3 2 255 1 11 7 12 255 255 0 4 8 255 255 255 255 255
13 9 255 255 255 14 5 1 255 255 10 6 11 0 255 16 3 7 4 255 15 2 12 8 255
255 255 255 9 13 255 255 1 5 14 255 0 11 6 10 255 4 7 3 16 255 8 12 2 15
255 255 255 9 13 255 255 1 5 14 255 0 11 6 10 255 4 7 3 16 255 8 12 2 15
13 14 10 16 15 9 5 6 3 2 255 1 11 7 12 255 255 0 4 8 255 255 255 255 255
13 9 255 255 255 14 5 1 255 255 10 6 11 0 255 16 3 7 4 255 15 2 12 8 255
255 255 255 9 13 255 255 1 5 14 255 0 11 6 10 255 4 7 3 16 255 8 12 2 15
13 14 10 16 15 9 5 6 3 2 255 1 11 7 12 255 255 0 4 8 255 255 255 255 255
13 9 255 255 255 14 5 1 255 255 10 6 11 0 255 16 3 7 4 255 15 2 12 8 255
255 255 3 7 15 255 255 12 11 16 255 255 8 6 10 255 1 4 2 14 255 5 0 9 13
13 14 10 16 15 9 5 6 11 7 255 1 2 12 3 255 255 255 8 4 255 255 255 255 0
255 7 11 16 12 255 3 6 10 15 255 255 2 14 8 255 255 1 13 4 255 255 5 9 0
255 255 255 255 255 255 255 255 5 1 8 4 0 9 3 12 2 6 11 7 15 16 10 14 13
255 255 255 255 255 255 255 0 4 8 255 5 9 15 12 3 1 2 13 14 7 11 6 16 10
255 255 3 7 15 255 255 12 11 16 255 255 8 6 10 255 1 4 2 14 255 5 0 9 13
13 14 10 16 15 9 5 6 11 7 255 1 2 12 3 255 255 255 8 4 255 255 255 255 0
255 7 11 16 12 255 3 6 10 15 255 255 2 14 8 255 255 1 13 4 255 255 5 9 0
255 255 255 255 255 255 255 255 5 1 8 4 0 9 3 12 2 6 11 7 15 16 10 14 13
255 255 255 255 255 255 255 0 4 8 255 5 9 15 12 3 1 2 13 14 7 11 6 16 10
255 255 3 7 15 255 255 12 11 16 255 255 8 6 10 255 1 4 2 14 255 5 0 9 13
13 14 10 16 15 9 5 6 11 7 255 1 2 12 3 255 255 255 8 4 255 255 255 255 0
255 7 11 16 12 255 3 6 10 15 255 255 2 14 8 255 255 1 13 4 255 255 5 9 0
255 255 255 255 255 255 255 255 5 1 8 4 0 9 3 12 2 6 11 7 15 16 10 14 13
255 255 255 255 255 255 255 0 4 8 255 5 9 15 12 3 1 2 13 14 7 11 6 16 10
255 255 3 7 15 255 255 12 11 16 255 255 8 6 10 255 1 4 2 14 255 5 0 9 13
255 255 3 7 15 255 255 12 11 16 255 255 8 6 10 255 1 4 2 14 255 5 0 9 13
13 14 10 16 15 9 5 6 11 7 255 1 2 12 3 255 255 255 8 4 255 255 255 255 0
255 7 11 16 12 255 3 6 10 15 255 255 2 14 8 255 255 1 13 4 255 255 5 9 0
255 255 255 255 255 255 255 255 5 1 8 4 0 9 3 12 2 6 11 7 15 16 10 14 13
255 255 255 255 255 255 255 0 4 8 255 5 9 15 12 3 1 2 13 14 7 11 6 16 10
255 255 3 7 15 255 255 12 11 16 255 255 8 6 10 255 1 4 2 14 255 5 0 9 13
13 14 10 16 15 9 5 6 11 7 255 1 2 12 3 255 255 255 8 4 255 255 255 255 0
255 255 255 255 255 255 255 0 4 8 255 5 9 15 12 3 1 2 13 14 7 11 6 16 10
255 255 3 7 15 255 255 12 11 16 255 255 8 6 10 255 1 4 2 14 255 5 0 9 13
13 14 10 16 15 9 5 6 11 7 255 1 2 12 3 255 255 255 8 4 255 255 255 255 0
255 7 11 16 12 255 3 6 10 15 255 255 2 14 8 255 255 1 13 4 255 255 5 9 0
255 255 255 255 255 255 255 255 5 1 8 4 0 9 3 12 2 6 11 7 15 16 10 14 13
255 255 255 255 255 255 255 0 4 8 255 5 9 15 12 3 1 2 13 14 7 11 6 16 10
4 8 12 16 15 0 7 11 10 6 255 3 2 14 5 255 255 255 13 9 255 255 255 255 1
4 0 255 255 255 8 7 3 255 255 12 11 2 255 255 16 10 14 13 255 15 6 5 9 1
255 255 255 255 255 0 255 255 255 2 4 3 7 11 6 8 1 5 13 14 12 15 16 9 10
4 8 12 16 15 0 7 11 10 6 255 3 2 14 5 255 255 255 13 9 255 255 255 255 1
4 0 255 255 255 8 7 3 255 255 12 11 2 255 255 16 10 14 13 255 15 6 5 9 1
255 255 255 255 255 0 255 255 255 2 4 3 7 11 6 8 1 5 13 14 12 15 16 9 10
4 8 12 16 15 0 7 11 10 6 255 3 2 14 5 255 255 255 13 9 255 255 255 255 1
4 0 255 255 255 8 7 3 255 255 12 11 2 255 255 16 10 14 13 255 15 6 5 9 1
255 255 255 255 255 0 255 255 255 2 4 3 7 11 6 8 1 5 13 14 12 15 16 9 10
4 8 12 16 15 0 7 11 10 6 255 3 2 14 5 255 255 255 13 9 255 255 255 255 1
255 255 255 255 255 0 255 255 255 2 4 3 7 11 6 8 1 5 13 14 12 15 16 9 10
4 8 12 16 15 0 7 11 10 6 255 3 2 14 5 255 255 255 13 9 255 255 255 255 1
4 0 255 255 255 8 7 3 255 255 12 11 2 255 255 16 10 14 13 255 15 6 5 9 1
255 255 255 255 255 0 255 255 255 2 4 3 7 11 6 8 1 5 13 14 12 15 16 9 10
4 8 12 16 15 0 7 11 10 6 255 3 2 14 5 255 255 255 13 9 255 255 255 255 1
4 0 255 255 255 8 7 3 255 255 12 11 2 255 255 16 10 14 13 255 15 6 5 9 1
255 255 255 255 255 0 255 255 255 2 4 3 7 11 6 8 1 5 13 14 12 15 16 9 10
4 8 12 16 15 0 7 11 10 6 255 3 2 14 5 255 255 255 13 9 255 255 255 255 1
4 0 255 255 255 8 7 3 255 255 12 11 2 255 255 16 10 14 13 255 15 6 5 9 1
255 255 255 255 255 0 255 255 255 2 4 3 7 11 6 8 1 5 13 14 12 15 16 9 10
4 8 12 16 15 0 7 11 10 6 255 3 2 14 5 255 255 255 13 9 255 255 255 255 1
255 255 255 255 255 2 6 11 7 3 255 10 16 13 9 8 12 15 14 5 4 0 255 255 1
255 255 255 255 2 255 1 255 255 6 255 5 14 10 11 0 9 13 16 7 4 8 12 15 3
255 255 255 255 255 3 7 11 6 2 9 13 16 10 255 5 14 15 12 8 1 255 255 0 4
255 255 255 0 4 255 255 2 255 8 255 3 6 10 12 255 7 11 16 15 1 5 9 13 14
255 2 255 8 4 255 6 10 12 0 255 11 16 15 255 255 7 13 14 255 255 3 9 5 1
255 255 255 255 1 255 255 3 7 5 255 2 6 11 9 0 255 10 16 13 4 8 12 15 14
255 255 255 255 255 2 6 11 7 3 255 10 16 13 9 8 12 15 14 5 4 0 255 255 1
255 255 255 255 2 255 1 255 255 6 255 5 14 10 11 0 9 13 16 7 4 8 12 15 3
255 255 255 255 255 2 6 11 7 3 255 10 16 13 9 8 12 15 14 5 4 0 255 255 1
255 255 255 255 2 255 1 255 255 6 255 5 14 10 11 0 9 13 16 7 4 8 12 15 3
255 255 255 255 255 3 7 11 6 2 9 13 16 10 255 5 14 15 12 8 1 255 255 0 4
255 255 255 0 4 255 255 2 255 8 255 3 6 10 12 255 7 11 16 15 1 5 9 13 14
255 2 255 8 4 255 6 10 12 0 255 11 16 15 255 255 7 13 14 255 255 3 9 5 1
255 255 255 255 1 255 255 3 7 5 255 2 6 11 9 0 255 10 16 13 4 8 12 15 14
255 255 255 255 255 2 6 11 7 3 255 10 16 13 9 8 12 15 14 5 4 0 255 255 1
255 255 255 255 2 255 1 255 255 6 255 5 14 10 11 0 9 13 16 7 4 8 12 15 3
255 255 255 255 255 3 7 11 6 2 9 13 16 10 255 5 14 15 12 8 1 255 255 0 4
255 2 255 8 4 255 6 10 12 0 255 11 16 15 255 255 7 13 14 255 255 3 9 5 1
255 255 255 255 1 255 255 3 7 5 255 2 6 11 9 0 255 10 16 13 4 8 12 15 14
255 255 255 255 255 2 6 11 7 3 255 10 16 13 9 8 12 15 14 5 4 0 255 255 1
255 255 255 255 2 255 1 255 255 6 255 5 14 10 11 0 9 13 16 7 4 8 12 15 3
255 255 255 255 255 3 7 11 6 2 9 13 16 10 255 5 14 15 12 8 1 255 255 0 4
255 255 255 0 4 255 255 2 255 8 255 3 6 10 12 255 7 11 16 15 1 5 9 13 14
255 2 255 8 4 255 6 10 12 0 255 11 16 15 255 255 7 13 14 255 255 3 9 5 1
255 255 255 255 1 255 255 3 7 5 255 2 6 11 9 0 255 10 16 13 4 8 12 15 14
255 255 255 255 255 2 6 11 7 3 255 10 16 13 9 8 12 15 14 5 4 0 255 255 1
255 255 255 255 2 255 1 255 255 6 255 5 14 10 11 0 9 13 16 7 4 8 12 15 3
255 2 255 8 4 255 6 10 12 0 255 11 16 15 255 255 7 13 14 255 255 3 9 5 1
255 255 255 255 1 255 255 3 7 5 255 2 6 11 9 0 255 10 16 13 4 8 12 15 14
255 255 255 255 255 2 6 11 7 3 255 10 16 13 9 8 12 15 14 5 4 0 255 255 1
255 255 255 255 2 255 1 255 255 6 255 5 14 10 11 0 9 13 16 7 4 8 12 15 3
255 255 255 255 255 3 7 11 6 2 9 13 16 10 255 5 14 15 12 8 1 255 255 0 4
255 255 255 0 4 255 255 2 255 8 255 3 6 10 12 255 7 11 16 15 1 5 9 13 14
255 2 255 8 4 255 6 10 12 0 255 11 16 15 255 255 7 13 14 255 255 3 9 5 1
255 255 255 255 1 255 255 3 7 5 255 2 6 11 9 0 255 10 16 13 4 8 12 15 14
255 255 255 255 255 2 6 11 7 3 255 10 16 13 9 8 12 15 14 5 4 0 255 255 1
255 255 255 255 2 255 1 255 255 6 255 5 14 10 11 0 9 13 16 7 4 8 12 15 3
255 255 255 255 255 255 11 7 3 255 255 6 2 13 9 12 8 4 0 1 15 16 10 14 5
255 255 255 12 15 255 11 6 8 16 255 7 2 4 10 255 3 13 0 14 255 255 9 1 5
255 255 255 255 255 255 11 7 3 255 255 6 2 13 9 12 8 4 0 1 15 16 10 14 5
255 255 255 12 15 255 11 6 8 16 255 7 2 4 10 255 3 13 0 14 255 255 9 1 5
255 255 255 255 255 255 11 7 3 255 255 6 2 13 9 12 8 4 0 1 15 16 10 14 5
255 255 255 12 15 255 11 6 8 16 255 7 2 4 10 255 3 13 0 14 255 255 9 1 5
255 255 255 255 255 255 11 7 3 255 255 6 2 13 9 12 8 4 0 1 15 16 10 14 5
255 255 255 255 255 255 11 7 3 255 255 6 2 13 9 12 8 4 0 1 15 16 10 14 5
255 255 255 12 15 255 11 6 8 16 255 7 2 4 10 255 3 13 0 14 255 255 9 1 5
255 255 255 255 255 255 11 7 3 255 255 6 2 13 9 12 8 4 0 1 15 16 10 14 5
255 255 255 12 15 255 11 6 8 16 255 7 2 4 10 255 3 13 0 14 255 255 9 1 5
255 255 255 255 255 255 11 7 3 255 255 6 2 13 9 12 8 4 0 1 15 16 10 14 5
255 255 255 12 15 255 11 6 8 16 255 7 2 4 10 255 3 13 0 14 255 255 9 1 5
255 255 255 255 255 255 11 7 3 255 255 6 2 13 9 12 8 4 0 1 15 16 10 14 5
255 255 255 255 2 255 1 3 7 11 255 8 5 9 6 255 12 15 16 10 255 4 0 13 14
2 11 6 10 14 255 7 9 16 13 255 3 5 15 0 255 1 8 12 4 255 255 255 255 255
2 11 6 10 14 255 7 9 16 13 255 3 5 15 0 255 1 8 12 4 255 255 255 255 255
255 255 255 255 2 255 1 3 7 11 255 8 5 9 6 255 12 15 16 10 255 4 0 13 14
2 11 6 10 14 255 7 9 16 13 255 3 5 15 0 255 1 8 12 4 255 255 255 255 255
255 255 255 255 2 255 1 3 7 11 255 8 5 9 6 255 12 15 16 10 255 4 0 13 14
2 11 6 10 14 255 7 9 16 13 255 3 5 15 0 255 1 8 12 4 255 255 255 255 255
255 255 255 255 2 255 1 3 7 11 255 8 5 9 6 255 12 15 16 10 255 4 0 13 14
2 11 6 10 14 255 7 9 16 13 255 3 5 15 0 255 1 8 12 4 255 255 255 255 255
255 255 255 255 2 255 1 3 7 11 255 8 5 9 6 255 12 15 16 10 255 4 0 13 14
2 11 6 10 14 255 7 9 16 13 255 3 5 15 0 255 1 8 12 4 255 255 255 255 255
255 255 255 255 255 255 4 0 1 255 12 8 9 5 11 15 16 13 3 7 255 10 14 2 6
255 255 255 255 255 255 4 0 1 255 12 8 9 5 11 15 16 13 3 7 255 10 14 2 6
255 255 255 255 255 255 4 0 1 255 12 8 9 5 11 15 16 13 3 7 255 10 14 2 6
255 255 255 255 255 255 4 0 1 255 12 8 9 5 11 15 16 13 3 7 255 10 14 2 6
255 255 255 255 255 255 4 0 1 255 12 8 9 5 11 15 16 13 3 7 255 10 14 2 6
255 255 255 255 255 255 4 0 1 255 12 8 9 5 11 15 16 13 3 7 255 10 14 2 6
255 255 255 255 255 255 0 4 255 1 15 12 8 16 5 255 11 7 3 9 2 6 14 10 13
255 255 255 255 255 255 0 4 255 1 15 12 8 16 5 255 11 7 3 9 2 6 14 10 13
255 255 255 255 255 255 0 4 255 1 15 12 8 16 5 255 11 7 3 9 2 6 14 10 13
255 255 255 255 255 255 0 4 255 1 15 12 8 16 5 255 11 7 3 9 2 6 14 10 13
255 255 255 255 255 255 0 4 255 1 15 12 8 16 5 255 11 7 3 9 2 6 14 10 13
255 255 255 255 255 255 0 4 255 1 15 12 8 16 5 255 11 7 3 9 2 6 14 10 13
7 3 255 255 255 11 6 2 255 255 9 5 1 4 0 13 10 16 8 255 255 14 15 12 255
255 255 255 3 7 255 255 2 6 11 0 4 1 5 9 255 8 16 10 13 255 12 15 14 255
0 2 6 11 7 4 1 5 9 13 8 16 10 14 3 12 15 255 255 255 255 255 255 255 255
7 11 9 13 255 3 6 5 10 14 255 2 1 16 15 255 255 4 8 12 255 255 0 255 255
7 3 255 255 255 11 6 2 255 255 9 5 1 4 0 13 10 16 8 255 255 14 15 12 255
255 255 255 3 7 255 255 2 6 11 0 4 1 5 9 255 8 16 10 13 255 12 15 14 255
0 2 6 11 7 4 1 5 9 13 8 16 10 14 3 12 15 255 255 255 255 255 255 255 255
7 11 9 13 255 3 6 5 10 14 255 2 1 16 15 255 255 4 8 12 255 255 0 255 255
7 3 255 255 255 11 6 2 255 255 9 5 1 4 0 13 10 16 8 255 255 14 15 12 255
255 255 255 3 7 255 255 2 6 11 0 4 1 5 9 255 8 16 10 13 255 12 15 14 255
0 2 6 11 7 4 1 5 9 13 8 16 10 14 3 12 15 255 255 255 255 255 255 255 255
7 11 9 13 255 3 6 5 10 14 255 2 1 16 15 255 255 4 8 12 255 255 0 255 255
7 3 255 255 255 11 6 2 255 255 9 5 1 4 0 13 10 16 8 255 255 14 15 12 255
255 255 255 3 7 255 255 2 6 11 0 4 1 5 9 255 8 16 10 13 255 12 15 14 255
0 2 6 11 7 4 1 5 9 13 8 16 10 14 3 12 15 255 255 255 255 255 255 255 255
7 11 9 13 255 3 6 5 10 14 255 2 1 16 15 255 255 4 8 12 255 255 0 255 255
7 3 255 255 255 11 6 2 255 255 9 5 1 4 0 13 10 16 8 255 255 14 15 12 255
255 255 255 3 7 255 255 2 6 11 0 4 1 5 9 255 8 16 10 13 255 12 15 14 255
0 2 6 11 7 4 1 5 9 13 8 16 10 14 3 12 15 255 255 255 255 255 255 255 255
7 11 9 13 255 3 6 5 10 14 255 2 1 16 15 255 255 4 8 12 255 255 0 255 255
7 3 255 255 255 11 6 2 255 255 9 5 1 4 0 13 10 16 8 255 255 14 15 12 255
0 2 6 11 7 4 1 5 9 13 8 16 10 14 3 12 15 255 255 255 255 255 255 255 255
7 11 9 13 255 3 6 5 10 14 255 2 1 16 15 255 255 4 8 12 255 255 0 255 255
7 3 255 255 255 11 6 2 255 255 9 5 1 4 0 13 10 16 8 255 255 14 15 12 255
255 255 255 3 7 255 255 2 6 11 0 4 1 5 9 255 8 16 10 13 255 12 15 14 255
0 2 6 11 7 4 1 5 9 13 8 16 10 14 3 12 15 255 255 255 255 255 255 255 255
7 11 9 13 255 3 6 5 10 14 255 2 1 16 15 255 255 4 8 12 255 255 0 255 255
7 3 255 255 255 11 6 2 255 255 9 5 1 4 0 13 10 16 8 255 255 14 15 12 255
255 255 255 255 255 1 5 9 13 14 0 4 2 6 10 255 8 3 7 11 255 12 255 15 16
255 14 10 11 16 255 13 6 7 15 255 9 2 3 255 255 5 4 8 12 255 1 0 255 255
255 255 255 255 255 14 13 9 5 1 10 6 2 4 0 11 7 3 8 255 16 15 255 12 255
255 255 255 255 255 1 5 9 13 14 0 4 2 6 10 255 8 3 7 11 255 12 255 15 16
255 14 10 11 16 255 13 6 7 15 255 9 2 3 255 255 5 4 8 12 255 1 0 255 255
255 14 10 11 16 255 13 6 7 15 255 9 2 3 255 255 5 4 8 12 255 1 0 255 255
255 255 255 255 255 14 13 9 5 1 10 6 2 4 0 11 7 3 8 255 16 15 255 12 255
255 255 255 255 255 1 5 9 13 14 0 4 2 6 10 255 8 3 7 11 255 12 255 15 16
255 14 10 11 16 255 13 6 7 15 255 9 2 3 255 255 5 4 8 12 255 1 0 255 255
255 255 255 255 255 14 13 9 5 1 10 6 2 4 0 11 7 3 8 255 16 15 255 12 255
255 255 255 255 255 14 13 9 5 1 10 6 2 4 0 11 7 3 8 255 16 15 255 12 255
255 255 255 255 255 1 5 9 13 14 0 4 2 6 10 255 8 3 7 11 255 12 255 15 16
255 14 10 11 16 255 13 6 7 15 255 9 2 3 255 255 5 4 8 12 255 1 0 255 255
255 255 255 255 255 14 13 9 5 1 10 6 2 4 0 11 7 3 8 255 16 15 255 12 255
255 255 255 255 255 14 13 9 5 1 10 6 2 4 0 11 7 3 8 255 16 15 255 12 255
255 255 255 255 255 1 5 9 13 14 0 4 2 6 10 255 8 3 7 11 255 12 255 15 16
255 14 10 11 16 255 13 6 7 15 255 9 2 3 255 255 5 4 8 12 255 1 0 255 255
255 255 255 255 255 14 13 9 5 1 10 6 2 4 0 11 7 3 8 255 16 15 255 12 255
1 255 255 255 255 5 0 4 8 12 9 11 6 2 255 13 7 10 16 15 255 3 14 255 255
1 255 255 255 255 5 0 4 8 12 9 11 6 2 255 13 7 10 16 15 255 3 14 255 255
1 255 255 255 255 5 0 4 8 12 9 11 6 2 255 13 7 10 16 15 255 3 14 255 255
1 255 255 255 255 5 0 4 8 12 9 11 6 2 255 13 7 10 16 15 255 3 14 255 255
1 255 255 255 255 5 0 4 8 12 9 11 6 2 255 13 7 10 16 15 255 3 14 255 255
1 255 255 255 255 5 0 4 8 12 9 11 6 2 255 13 7 10 16 15 255 3 14 255 255
1 255 255 255 255 5 0 4 8 12 9 11 6 2 255 13 7 10 16 15 255 3 14 255 255
255 255 255 255 255 255 2 6 8 12 255 14 10 16 15 11 7 3 4 0 255 13 9 5 1
1 5 9 13 255 0 4 3 7 11 15 16 10 14 255 12 8 6 2 255 255 255 255 255 255
255 255 255 255 255 255 2 6 8 12 255 14 10 16 15 11 7 3 4 0 255 13 9 5 1
1 5 9 13 255 0 4 3 7 11 15 16 10 14 255 12 8 6 2 255 255 255 255 255 255
255 255 255 255 255 255 2 6 8 12 255 14 10 16 15 11 7 3 4 0 255 13 9 5 1
1 5 9 13 255 0 4 3 7 11 15 16 10 14 255 12 8 6 2 255 255 255 255 255 255
255 255 255 255 255 255 2 6 8 12 255 14 10 16 15 11 7 3 4 0 255 13 9 5 1
255 255 255 255 255 255 2 6 8 12 255 14 10 16 15 11 7 3 4 0 255 13 9 5 1
1 5 9 13 255 0 4 3 7 11 15 16 10 14 255 12 8 6 2 255 255 255 255 255 255
255 255 255 255 255 255 2 6 8 12 255 14 10 16 15 11 7 3 4 0 255 13 9 5 1
1 5 9 13 255 0 4 3 7 11 15 16 10 14 255 12 8 6 2 255 255 255 255 255 255
255 255 255 255 255 255 2 6 8 12 255 14 10 16 15 11 7 3 4 0 255 13 9 5 1
1 5 9 13 255 0 4 3 7 11 15 16 10 14 255 12 8 6 2 255 255 255 255 255 255
255 255 255 255 255 255 2 6 8 12 255 14 10 16 15 11 7 3 4 0 255 13 9 5 1
1 5 9 13 255 0 4 3 7 11 15 16 10 14 255 12 8 6 2 255 255 255 255 255 255
255 255 255 255 255 255 2 6 8 12 255 14 10 16 15 11 7 3 4 0 255 13 9 5 1
1 5 9 13 255 0 4 3 7 11 15 16 10 14 255 12 8 6 2 255 255 255 255 255 255
255 255 255 255 255 255 2 6 8 12 255 14 10 16 15 11 7 3 4 0 255 13 9 5 1
1 5 9 13 255 0 4 3 7 11 15 16 10 14 255 12 8 6 2 255 255 255 255 255 255
255 255 255 255 255 255 2 6 8 12 255 14 10 16 15 11 7 3 4 0 255 13 9 5 1
1 5 9 13 255 0 4 3 7 11 15 16 10 14 255 12 8 6 2 255 255 255 255 255 255
255 255 255 255 255 255 2 6 8 12 255 14 10 16 15 11 7 3 4 0 255 13 9 5 1
1 5 9 13 255 0 4 3 7 11 15 16 10 14 255 12 8 6 2 255 255 255 255 255 255
255 255 255 255 255 255 2 6 8 12 255 14 10 16 15 11 7 3 4 0 255 13 9 5 1
1 5 9 13 255 0 4 3 7 11 15 16 10 14 255 12 8 6 2 255 255 255 255 255 255
5 3 1 255 255 9 7 4 0 255 13 11 8 255 255 10 6 14 2 255 16 15 12 255 255
255 255 255 255 255 255 2 255 0 255 14 12 8 4 1 10 6 11 7 3 16 15 13 9 5
0 4 8 255 255 1 5 9 13 2 255 3 7 11 6 255 255 255 14 10 255 255 12 15 16
5 9 13 255 14 3 7 11 6 10 1 4 8 2 16 255 0 255 255 15 255 255 255 255 12
255 255 255 255 255 255 2 255 0 255 12 14 8 4 1 15 6 11 7 3 16 10 13 9 5
5 9 13 10 16 3 7 11 6 15 1 4 8 14 12 255 0 255 2 255 255 255 255 255 255
255 255 14 10 16 255 2 12 6 15 255 255 8 11 13 255 0 4 7 9 255 255 1 3 5
5 3 1 255 255 9 7 4 0 255 13 11 8 255 255 10 6 14 2 255 16 15 12 255 255
255 255 255 255 255 255 2 255 0 255 14 12 8 4 1 10 6 11 7 3 16 15 13 9 5
0 4 8 255 255 1 5 9 13 2 255 3 7 11 6 255 255 255 14 10 255 255 12 15 16
5 9 13 255 14 3 7 11 6 10 1 4 8 2 16 255 0 255 255 15 255 255 255 255 12
255 255 14 10 16 255 2 12 6 15 255 255 8 11 13 255 0 4 7 9 255 255 1 3 5
5 3 1 255 255 9 7 4 0 255 13 11 8 255 255 10 6 14 2 255 16 15 12 255 255
255 255 255 255 255 255 2 255 0 255 14 12 8 4 1 10 6 11 7 3 16 15 13 9 5
0 4 8 255 255 1 5 9 13 2 255 3 7 11 6 255 255 255 14 10 255 255 12 15 16
5 9 13 255 14 3 7 11 6 10 1 4 8 2 16 255 0 255 255 15 255 255 255 255 12
255 255 255 255 255 255 2 255 0 255 12 14 8 4 1 15 6 11 7 3 16 10 13 9 5
5 9 13 10 16 3 7 11 6 15 1 4 8 14 12 255 0 255 2 255 255 255 255 255 255
255 255 14 10 16 255 2 12 6 15 255 255 8 11 13 255 0 4 7 9 255 255 1 3 5
5 3 1 255 255 9 7 4 0 255 13 11 8 255 255 10 6 14 2 255 16 15 12 255 255
255 255 255 255 255 255 2 255 0 255 14 12 8 4 1 10 6 11 7 3 16 15 13 9 5
0 4 8 255 255 1 5 9 13 2 255 3 7 11 6 255 255 255 14 10 255 255 12 15 16
255 255 14 10 16 255 2 12 6 15 255 255 8 11 13 255 0 4 7 9 255 255 1 3 5
5 3 1 255 255 9 7 4 0 255 13 11 8 255 255 10 6 14 2 255 16 15 12 255 255
255 255 255 255 255 255 2 255 0 255 14 12 8 4 1 10 6 11 7 3 16 15 13 9 5
0 4 8 255 255 1 5 9 13 2 255 3 7 11 6 255 255 255 14 10 255 255 12 15 16
5 9 13 255 14 3 7 11 6 10 1 4 8 2 16 255 0 255 255 15 255 255 255 255 12
255 255 255 255 255 255 2 255 0 255 12 14 8 4 1 15 6 11 7 3 16 10 13 9 5
5 9 13 10 16 3 7 11 6 15 1 4 8 14 12 255 0 255 2 255 255 255 255 255 255
255 255 14 10 16 255 2 12 6 15 255 255 8 11 13 255 0 4 7 9 255 255 1 3 5
5 3 1 255 255 9 7 4 0 255 13 11 8 255 255 10 6 14 2 255 16 15 12 255 255
255 255 255 255 255 255 2 255 0 255 14 12 8 4 1 10 6 11 7 3 16 15 13 9 5
0 4 8 255 255 1 5 9 13 2 255 3 7 11 6 255 255 255 14 10 255 255 12 15 16
0 4 8 255 255 1 5 9 13 2 255 3 7 11 6 255 255 255 14 10 255 255 12 15 16
5 9 13 255 14 3 7 11 6 10 1 4 8 2 16 255 0 255 255 15 255 255 255 255 12
255 255 255 255 255 255 2 255 0 255 12 14 8 4 1 15 6 11 7 3 16 10 13 9 5
5 9 13 10 16 3 7 11 6 15 1 4 8 14 12 255 0 255 2 255 255 255 255 255 255
255 255 14 10 16 255 2 12 6 15 255 255 8 11 13 255 0 4 7 9 255 255 1 3 5
5 3 1 255 255 9 7 4 0 255 13 11 8 255 255 10 6 14 2 255 16 15 12 255 255
255 255 255 255 255 255 2 255 0 255 14 12 8 4 1 10 6 11 7 3 16 15 13 9 5
0 4 8 255 255 1 5 9 13 2 255 3 7 11 6 255 255 255 14 10 255 255 12 15 16
5 9 13 255 14 3 7 11 6 10 1 4 8 2 16 255 0 255 255 15 255 255 255 255 12
255 255 255 255 255 255 2 255 0 255 12 14 8 4 1 15 6 11 7 3 16 10 13 9 5
5 9 13 10 16 3 7 11 6 15 1 4 8 14 12 255 0 255 2 255 255 255 255 255 255
255 255 255 255 2 255 255 11 255 6 0 3 7 1 10 4 8 16 5 14 255 12 15 9 13
13 14 10 6 2 9 5 1 255 255 15 16 7 11 255 12 8 3 255 255 255 4 0 255 255
11 14 10 6 2 7 13 9 5 1 3 15 16 0 255 255 12 8 4 255 255 255 255 255 255
255 255 255 4 0 255 255 3 8 12 255 11 7 16 15 255 255 1 5 9 2 6 10 14 13
13 14 10 6 2 9 5 1 255 255 15 16 7 11 255 12 8 3 255 255 255 4 0 255 255
11 7 3 255 255 14 13 15 12 255 10 9 16 8 255 6 5 0 4 255 2 1 255 255 255
2 6 10 11 255 0 16 14 7 255 4 15 13 3 255 8 12 9 255 255 255 1 5 255 255
255 255 255 255 2 255 255 11 255 6 0 3 7 1 10 4 8 16 5 14 255 12 15 9 13
13 9 15 12 255 14 5 16 8 4 10 1 7 3 0 6 255 11 255 255 2 255 255 255 255
255 255 0 4 255 255 255 3 8 12 255 11 7 16 15 255 255 1 5 9 2 6 10 14 13
255 255 255 255 2 255 255 11 255 6 0 3 7 1 10 4 8 16 5 14 255 12 15 9 13
13 14 10 6 2 9 5 1 255 255 15 16 7 11 255 12 8 3 255 255 255 4 0 255 255
11 14 10 6 2 7 13 9 5 1 3 15 16 0 255 255 12 8 4 255 255 255 255 255 255
255 255 255 4 0 255 255 3 8 12 255 11 7 16 15 255 255 1 5 9 2 6 10 14 13
13 14 10 6 2 9 5 1 255 255 15 16 7 11 255 12 8 3 255 255 255 4 0 255 255
11 7 3 255 255 14 13 15 12 255 10 9 16 8 255 6 5 0 4 255 2 1 255 255 255
13 9 15 12 255 14 5 16 8 4 10 1 7 3 0 6 255 11 255 255 2 255 255 255 255
255 255 0 4 255 255 255 3 8 12 255 11 7 16 15 255 255 1 5 9 2 6 10 14 13
255 255 255 255 2 255 255 11 255 6 0 3 7 1 10 4 8 16 5 14 255 12 15 9 13
13 14 10 6 2 9 5 1 255 255 15 16 7 11 255 12 8 3 255 255 255 4 0 255 255
11 14 10 6 2 7 13 9 5 1 3 15 16 0 255 255 12 8 4 255 255 255 255 255 255
255 255 255 4 0 255 255 3 8 12 255 11 7 16 15 255 255 1 5 9 2 6 10 14 13
13 14 10 6 2 9 5 1 255 255 15 16 7 11 255 12 8 3 255 255 255 4 0 255 255
11 7 3 255 255 14 13 15 12 255 10 9 16 8 255 6 5 0 4 255 2 1 255 255 255
2 6 10 11 255 0 16 14 7 255 4 15 13 3 255 8 12 9 255 255 255 1 5 255 255
255 255 255 255 2 255 255 11 255 6 0 3 7 1 10 4 8 16 5 14 255 12 15 9 13
13 9 15 12 255 14 5 16 8 4 10 1 7 3 0 6 255 11 255 255 2 255 255 255 255
255 255 0 4 255 255 255 3 8 12 255 11 7 16 15 255 255 1 5 9 2 6 10 14 13
255 255 255 255 2 255 255 11 255 6 0 3 7 1 10 4 8 16 5 14 255 12 15 9 13
13 14 10 6 2 9 5 1 255 255 15 16 7 11 255 12 8 3 255 255 255 4 0 255 255
11 14 10 6 2 7 13 9 5 1 3 15 16 0 255 255 12 8 4 255 255 255 255 255 255
255 255 255 255 2 255 255 11 255 6 0 3 7 1 10 4 8 16 5 14 255 12 15 9 13
13 14 10 6 2 9 5 1 255 255 15 16 7 11 255 12 8 3 255 255 255 4 0 255 255
11 14 10 6 2 7 13 9 5 1 3 15 16 0 255 255 12 8 4 255 255 255 255 255 255
255 255 255 4 0 255 255 3 8 12 255 11 7 16 15 255 255 1 5 9 2 6 10 14 13
13 14 10 6 2 9 5 1 255 255 15 16 7 11 255 12 8 3 255 255 255 4 0 255 255
11 7 3 255 255 14 13 15 12 255 10 9 16 8 255 6 5 0 4 255 2 1 255 255 255
2 6 10 11 255 0 16 14 7 255 4 15 13 3 255 8 12 9 255 255 255 1 5 255 255
255 255 255 255 2 255 255 11 255 6 0 3 7 1 10 4 8 16 5 14 255 12 15 9 13
13 9 15 12 255 14 5 16 8 4 10 1 7 3 0 6 255 11 255 255 2 255 255 255 255
255 255 0 4 255 255 255 3 8 12 255 11 7 16 15 255 255 1 5 9 2 6 10 14 13
255 255 255 255 2 255 255 11 255 6 0 3 7 1 10 4 8 16 5 14 255 12 15 9 13
13 14 10 6 2 9 5 1 255 255 15 16 7 11 255 12 8 3 255 255 255 4 0 255 255
11 14 10 6 2 7 13 9 5 1 3 15 16 0 255 255 12 8 4 255 255 255 255 255 255
255 255 255 4 0 255 255 3 8 12 255 11 7 16 15 255 255 1 5 9 2 6 10 14 13
13 14 10 6 2 9 5 1 255 255 15 16 7 11 255 12 8 3 255 255 255 4 0 255 255
11 7 3 255 255 14 13 15 12 255 10 9 16 8 255 6 5 0 4 255 2 1 255 255 255
2 6 10 11 255 0 16 14 7 255 4 15 13 3 255 8 12 9 255 255 255 1 5 255 255
13 9 15 12 255 14 5 16 8 4 10 1 7 3 0 6 255 11 255 255 2 255 255 255 255
255 255 0 4 255 255 255 3 8 12 255 11 7 16 15 255 255 1 5 9 2 6 10 14 13
255 255 255 255 2 255 255 11 255 6 0 3 7 1 10 4 8 16 5 14 255 12 15 9 13
13 14 10 6 2 9 5 1 255 255 15 16 7 11 255 12 8 3 255 255 255 4 0 255 255
11 14 10 6 2 7 13 9 5 1 3 15 16 0 255 255 12 8 4 255 255 255 255 255 255
255 255 255 4 0 255 255 3 8 12 255 11 7 16 15 255 255 1 5 9 2 6 10 14 13
13 14 10 6 2 9 5 1 255 255 15 16 7 11 255 12 8 3 255 255 255 4 0 255 255
11 7 3 255 255 14 13 15 12 255 10 9 16 8 255 6 5 0 4 255 2 1 255 255 255
2 6 10 11 255 0 16 14 7 255 4 15 13 3 255 8 12 9 255 255 255 1 5 255 255
255 255 255 255 2 255 255 11 255 6 0 3 7 1 10 4 8 16 5 14 255 12 15 9 13
13 9 15 12 255 14 5 16 8 4 10 1 7 3 0 6 255 11 255 255 2 255 255 255 255
255 255 0 4 255 255 255 3 8 12 255 11 7 16 15 255 255 1 5 9 2 6 10 14 13
255 255 255 255 2 255 255 11 255 6 0 3 7 1 10 4 8 16 5 14 255 12 15 9 13
13 14 10 6 2 9 5 1 255 255 15 16 7 11 255 12 8 3 255 255 255 4 0 255 255
11 14 10 6 2 7 13 9 5 1 3 15 16 0 255 255 12 8 4 255 255 255 255 255 255
255 11 255 6 2 255 7 9 10 14 1 3 5 16 13 255 0 12 15 255 255 4 8 255 255
255 11 255 6 2 255 7 9 10 14 1 3 5 16 13 255 0 12 15 255 255 4 8 255 255
255 11 255 6 2 255 7 9 10 14 1 3 5 16 13 255 0 12 15 255 255 4 8 255 255
255 11 255 6 2 255 7 9 10 14 1 3 5 16 13 255 0 12 15 255 255 4 8 255 255
255 11 255 6 2 255 7 9 10 14 1 3 5 16 13 255 0 12 15 255 255 4 8 255 255
255 255 16 15 255 255 8 14 12 13 255 4 10 11 9 255 0 2 7 5 255 255 6 3 1
255 255 16 15 255 255 8 14 12 13 255 4 10 11 9 255 0 2 7 5 255 255 6 3 1
255 255 16 15 255 255 8 14 12 13 255 4 10 11 9 255 0 2 7 5 255 255 6 3 1
255 255 16 15 255 255 8 14 12 13 255 4 10 11 9 255 0 2 7 5 255 255 6 3 1
255 255 16 15 255 255 8 14 12 13 255 4 10 11 9 255 0 2 7 5 255 255 6 3 1
255 255 16 15 255 255 8 14 12 13 255 4 10 11 9 255 0 2 7 5 255 255 6 3 1
255 255 16 15 255 255 8 14 12 13 255 4 10 11 9 255 0 2 7 5 255 255 6 3 1
255 2 16 6 10 255 255 15 11 14 255 255 12 7 13 255 255 8 3 4 255 1 9 5 0
255 2 16 6 10 255 255 15 11 14 255 255 12 7 13 255 255 8 3 4 255 1 9 5 0
255 2 16 6 10 255 255 15 11 14 255 255 12 7 13 255 255 8 3 4 255 1 9 5 0
255 2 16 6 10 255 255 15 11 14 255 255 12 7 13 255 255 8 3 4 255 1 9 5 0
255 2 16 6 10 255 255 15 11 14 255 255 12 7 13 255 255 8 3 4 255 1 9 5 0
255 2 16 6 10 255 255 15 11 14 255 255 12 7 13 255 255 8 3 4 255 1 9 5 0
255 255 7 3 255 4 0 11 6 2 255 15 16 10 14 255 8 5 9 13 255 12 1 255 255
255 2 14 13 255 3 6 10 9 255 7 11 16 5 1 255 0 15 8 12 255 4 255 255 255
255 255 7 3 255 4 0 11 6 2 255 15 16 10 14 255 8 5 9 13 255 12 1 255 255
255 2 14 13 255 3 6 10 9 255 7 11 16 5 1 255 0 15 8 12 255 4 255 255 255
255 255 7 3 255 4 0 11 6 2 255 15 16 10 14 255 8 5 9 13 255 12 1 255 255
255 2 14 13 255 3 6 10 9 255 7 11 16 5 1 255 0 15 8 12 255 4 255 255 255
255 255 7 3 255 4 0 11 6 2 255 15 16 10 14 255 8 5 9 13 255 12 1 255 255
255 2 14 13 255 3 6 10 9 255 7 11 16 5 1 255 0 15 8 12 255 4 255 255 255
255 255 7 3 255 4 0 11 6 2 255 15 16 10 14 255 8 5 9 13 255 12 1 255 255
255 2 14 13 255 3 6 10 9 255 7 11 16 5 1 255 0 15 8 12 255 4 255 255 255
255 2 14 13 255 3 6 10 9 255 7 11 16 5 1 255 0 15 8 12 255 4 255 255 255
255 255 7 3 255 4 0 11 6 2 255 15 16 10 14 255 8 5 9 13 255 12 1 255 255
255 2 14 13 255 3 6 10 9 255 7 11 16 5 1 255 0 15 8 12 255 4 255 255 255
255 4 0 255 255 12 8 15 16 3 255 9 1 5 7 255 13 6 10 11 255 255 2 14 255
255 255 0 4 255 255 16 15 8 12 255 5 1 9 7 14 10 6 13 11 255 255 2 255 3
16 15 8 12 4 5 1 9 7 3 10 6 13 11 0 14 2 255 255 255 255 255 255 255 255
255 4 0 255 255 12 8 15 16 3 255 9 1 5 7 255 13 6 10 11 255 255 2 14 255
255 4 0 255 255 12 8 15 16 3 255 9 1 5 7 255 13 6 10 11 255 255 2 14 255
255 255 0 4 255 255 16 15 8 12 255 5 1 9 7 14 10 6 13 11 255 255 2 255 3
16 15 8 12 4 5 1 9 7 3 10 6 13 11 0 14 2 255 255 255 255 255 255 255 255
255 4 0 255 255 12 8 15 16 3 255 9 1 5 7 255 13 6 10 11 255 255 2 14 255
255 255 0 4 255 255 16 15 8 12 255 5 1 9 7 14 10 6 13 11 255 255 2 255 3
255 255 0 4 255 255 16 15 8 12 255 5 1 9 7 14 10 6 13 11 255 255 2 255 3
16 15 8 12 4 5 1 9 7 3 10 6 13 11 0 14 2 255 255 255 255 255 255 255 255
255 4 0 255 255 12 8 15 16 3 255 9 1 5 7 255 13 6 10 11 255 255 2 14 255
255 255 0 4 255 255 16 15 8 12 255 5 1 9 7 14 10 6 13 11 255 255 2 255 3
16 15 8 12 4 5 1 9 7 3 10 6 13 11 0 14 2 255 255 255 255 255 255 255 255
255 255 0 4 255 255 16 15 8 12 255 5 1 9 7 14 10 6 13 11 255 255 2 255 3
16 15 8 12 4 5 1 9 7 3 10 6 13 11 0 14 2 255 255 255 255 255 255 255 255
255 4 0 255 255 12 8 15 16 3 255 9 1 5 7 255 13 6 10 11 255 255 2 14 255
255 255 0 4 255 255 16 15 8 12 255 5 1 9 7 14 10 6 13 11 255 255 2 255 3
16 15 8 12 4 5 1 9 7 3 10 6 13 11 0 14 2 255 255 255 255 255 255 255 255
0 7 11 3 255 4 8 12 15 255 5 6 10 16 255 9 13 14 255 255 1 2 255 255 255
0 7 11 3 255 4 8 12 15 255 5 6 10 16 255 9 13 14 255 255 1 2 255 255 255
0 7 11 3 255 4 8 12 15 255 5 6 10 16 255 9 13 14 255 255 1 2 255 255 255
0 7 11 3 255 4 8 12 15 255 5 6 10 16 255 9 13 14 255 255 1 2 255 255 255
0 7 11 3 255 4 8 12 15 255 5 6 10 16 255 9 13 14 255 255 1 2 255 255 255
0 7 11 3 255 4 8 12 15 255 5 6 10 16 255 9 13 14 255 255 1 2 255 255 255
0 7 11 3 255 4 8 12 15 255 5 6 10 16 255 9 13 14 255 255 1 2 255 255 255
255 255 255 255 9 255 255 8 12 5 255 0 4 15 1 2 6 11 10 14 255 3 7 16 13
255 255 255 255 9 255 255 8 12 5 255 0 4 15 1 2 6 11 10 14 255 3 7 16 13
13 16 7 3 255 14 10 11 6 2 1 15 4 0 255 5 12 8 255 255 9 255 255 255 255
255 255 255 255 9 255 255 8 12 5 255 0 4 15 1 2 6 11 10 14 255 3 7 16 13
255 255 255 255 9 255 255 8 12 5 255 0 4 15 1 2 6 11 10 14 255 3 7 16 13
255 255 255 255 9 255 255 8 12 5 255 0 4 15 1 2 6 11 10 14 255 3 7 16 13
13 16 7 3 255 14 10 11 6 2 1 15 4 0 255 5 12 8 255 255 9 255 255 255 255
255 255 255 255 9 255 255 8 12 5 255 0 4 15 1 2 6 11 10 14 255 3 7 16 13
255 255 255 255 9 255 255 8 12 5 255 0 4 15 1 2 6 11 10 14 255 3 7 16 13
255 255 255 255 9 255 255 8 12 5 255 0 4 15 1 2 6 11 10 14 255 3 7 16 13
255 255 255 255 9 255 255 8 12 5 255 0 4 15 1 2 6 11 10 14 255 3 7 16 13
13 16 7 3 255 14 10 11 6 2 1 15 4 0 255 5 12 8 255 255 9 255 255 255 255
255 255 255 255 9 255 255 8 12 5 255 0 4 15 1 2 6 11 10 14 255 3 7 16 13
255 255 255 255 9 255 255 8 12 5 255 0 4 15 1 2 6 11 10 14 255 3 7 16 13
255 255 255 255 9 255 255 8 12 5 255 0 4 15 1 2 6 11 10 14 255 3 7 16 13
13 16 7 3 255 14 10 11 6 2 1 15 4 0 255 5 12 8 255 255 9 255 255 255 255
255 255 255 255 9 255 255 8 12 5 255 0 4 15 1 2 6 11 10 14 255 3 7 16 13
255 255 255 255 9 255 255 8 12 5 255 0 4 15 1 2 6 11 10 14 255 3 7 16 13
13 16 7 3 255 14 10 11 6 2 1 15 4 0 255 5 12 8 255 255 9 255 255 255 255
255 255 255 255 255 255 9 255 255 0 11 13 7 3 12 2 5 1 8 4 6 14 10 16 15
15 16 10 14 6 4 8 1 5 2 12 3 7 13 11 0 255 255 9 255 255 255 255 255 255
255 255 255 255 255 255 9 255 255 0 11 13 7 3 12 2 5 1 8 4 6 14 10 16 15
15 16 10 14 6 4 8 1 5 2 12 3 7 13 11 0 255 255 9 255 255 255 255 255 255
255 255 255 255 255 255 9 255 255 0 11 13 7 3 12 2 5 1 8 4 6 14 10 16 15
255 255 255 255 255 255 9 255 255 0 11 13 7 3 12 2 5 1 8 4 6 14 10 16 15
15 16 10 14 6 4 8 1 5 2 12 3 7 13 11 0 255 255 9 255 255 255 255 255 255
255 255 255 255 255 255 9 255 255 0 11 13 7 3 12 2 5 1 8 4 6 14 10 16 15
15 16 10 14 6 4 8 1 5 2 12 3 7 13 11 0 255 255 9 255 255 255 255 255 255
255 255 255 255 255 255 9 255 255 0 11 13 7 3 12 2 5 1 8 4 6 14 10 16 15
255 255 255 255 255 255 9 255 255 0 11 13 7 3 12 2 5 1 8 4 6 14 10 16 15
15 16 10 14 6 4 8 1 5 2 12 3 7 13 11 0 255 255 9 255 255 255 255 255 255
255 255 255 255 255 255 9 255 255 0 11 13 7 3 12 2 5 1 8 4 6 14 10 16 15
15 16 10 14 6 4 8 1 5 2 12 3 7 13 11 0 255 255 9 255 255 255 255 255 255
255 255 255 255 255 255 9 255 255 0 11 13 7 3 12 2 5 1 8 4 6 14 10 16 15
15 16 10 14 6 4 8 1 5 2 12 3 7 13 11 0 255 255 9 255 255 255 255 255 255
255 255 255 255 255 255 9 255 255 0 11 13 7 3 12 2 5 1 8 4 6 14 10 16 15
15 16 10 14 6 4 8 1 5 2 12 3 7 13 11 0 255 255 9 255 255 255 255 255 255
255 255 255 255 255 255 9 255 255 0 11 13 7 3 12 2 5 1 8 4 6 14 10 16 15
15 16 10 14 6 4 8 1 5 2 12 3 7 13 11 0 255 255 9 255 255 255 255 255 255
255 255 255 255 255 255 9 255 255 0 11 13 7 3 12 2 5 1 8 4 6 14 10 16 15
15 16 10 14 6 4 8 1 5 2 12 3 7 13 11 0 255 255 9 255 255 255 255 255 255
255 255 255 255 255 255 9 255 255 0 11 13 7 3 12 2 5 1 8 4 6 14 10 16 15
255 255 255 255 255 255 12 2 15 255 3 8 6 10 14 7 4 11 16 13 255 0 9 1 5
255 255 255 255 255 255 12 2 15 255 3 8 6 10 14 7 4 11 16 13 255 0 9 1 5
255 255 255 255 255 255 12 2 15 255 3 8 6 10 14 7 4 11 16 13 255 0 9 1 5
255 255 255 255 255 255 12 2 15 255 3 8 6 10 14 7 4 11 16 13 255 0 9 1 5
255 255 255 255 255 255 12 2 15 255 3 8 6 10 14 7 4 11 16 13 255 0 9 1 5
255 255 255 255 255 255 12 2 15 255 3 8 6 10 14 7 4 11 16 13 255 0 9 1 5
255 255 255 255 255 255 12 2 15 255 3 8 6 10 14 7 4 11 16 13 255 0 9 1 5
255 255 255 255 255 255 255 255 7 3 0 2 6 11 13 8 12 10 15 16 4 1 14 5 9
255 255 255 255 255 255 255 255 7 3 0 2 6 11 13 8 12 10 15 16 4 1 14 5 9
255 255 255 255 255 255 255 255 7 3 0 2 6 11 13 8 12 10 15 16 4 1 14 5 9
255 255 255 255 255 255 255 255 7 3 0 2 6 11 13 8 12 10 15 16 4 1 14 5 9
255 255 255 255 255 255 255 255 7 3 0 2 6 11 13 8 12 10 15 16 4 1 14 5 9
255 255 255 255 255 255 255 255 7 3 0 2 6 11 13 8 12 10 15 16 4 1 14 5 9
255 13 14 2 255 255 9 10 6 3 1 5 16 11 7 0 4 15 12 255 255 8 255 255 255
255 255 1 0 255 13 9 5 4 8 14 10 16 15 255 2 6 11 12 255 255 3 7 255 255
255 0 1 255 255 8 4 5 9 13 255 15 16 10 14 255 12 11 6 2 255 255 7 3 255
255 13 14 2 255 255 9 10 6 3 1 5 16 11 7 0 4 15 12 255 255 8 255 255 255
255 255 1 0 255 13 9 5 4 8 14 10 16 15 255 2 6 11 12 255 255 3 7 255 255
255 0 1 255 255 8 4 5 9 13 255 15 16 10 14 255 12 11 6 2 255 255 7 3 255
255 13 14 2 255 255 9 10 6 3 1 5 16 11 7 0 4 15 12 255 255 8 255 255 255
255 255 1 0 255 13 9 5 4 8 14 10 16 15 255 2 6 11 12 255 255 3 7 255 255
255 0 1 255 255 8 4 5 9 13 255 15 16 10 14 255 12 11 6 2 255 255 7 3 255
255 13 14 2 255 255 9 10 6 3 1 5 16 11 7 0 4 15 12 255 255 8 255 255 255
255 13 14 2 255 255 9 10 6 3 1 5 16 11 7 0 4 15 12 255 255 8 255 255 255
255 255 1 0 255 13 9 5 4 8 14 10 16 15 255 2 6 11 12 255 255 3 7 255 255
255 0 1 255 255 8 4 5 9 13 255 15 16 10 14 255 12 11 6 2 255 255 7 3 255
255 13 14 2 255 255 9 10 6 3 1 5 16 11 7 0 4 15 12 255 255 8 255 255 255
255 255 1 0 255 13 9 5 4 8 14 10 16 15 255 2 6 11 12 255 255 3 7 255 255
255 13 14 2 255 255 9 10 6 3 1 5 16 11 7 0 4 15 12 255 255 8 255 255 255
255 255 1 0 255 13 9 5 4 8 14 10 16 15 255 2 6 11 12 255 255 3 7 255 255
255 0 1 255 255 8 4 5 9 13 255 15 16 10 14 255 12 11 6 2 255 255 7 3 255
255 13 14 2 255 255 9 10 6 3 1 5 16 11 7 0 4 15 12 255 255 8 255 255 255
255 255 1 0 255 13 9 5 4 8 14 10 16 15 255 2 6 11 12 255 255 3 7 255 255
255 255 255 255 255 255 255 1 2 255 4 8 5 9 13 0 12 11 6 14 3 15 7 16 10
4 1 0 255 255 8 5 9 13 14 12 11 6 2 10 15 7 3 255 16 255 255 255 255 255
255 255 13 14 10 255 2 9 6 16 255 1 5 11 7 255 255 8 12 15 255 255 4 0 3
255 255 255 255 255 255 2 1 255 255 13 9 5 8 4 14 6 11 12 0 10 16 7 15 3
255 255 255 255 255 255 255 1 2 255 4 8 5 9 13 0 12 11 6 14 3 15 7 16 10
4 1 0 255 255 8 5 9 13 14 12 11 6 2 10 15 7 3 255 16 255 255 255 255 255
255 255 13 14 10 255 2 9 6 16 255 1 5 11 7 255 255 8 12 15 255 255 4 0 3
255 255 255 255 255 255 2 1 255 255 13 9 5 8 4 14 6 11 12 0 10 16 7 15 3
255 255 255 255 255 255 255 1 2 255 4 8 5 9 13 0 12 11 6 14 3 15 7 16 10
4 1 0 255 255 8 5 9 13 14 12 11 6 2 10 15 7 3 255 16 255 255 255 255 255
255 255 13 14 10 255 2 9 6 16 255 1 5 11 7 255 255 8 12 15 255 255 4 0 3
255 255 255 255 255 255 2 1 255 255 13 9 5 8 4 14 6 11 12 0 10 16 7 15 3
255 255 255 255 255 255 255 1 2 255 4 8 5 9 13 0 12 11 6 14 3 15 7 16 10
255 255 255 255 255 255 255 1 2 255 4 8 5 9 13 0 12 11 6 14 3 15 7 16 10
4 1 0 255 255 8 5 9 13 14 12 11 6 2 10 15 7 3 255 16 255 255 255 255 255
255 255 13 14 10 255 2 9 6 16 255 1 5 11 7 255 255 8 12 15 255 255 4 0 3
255 255 255 255 255 255 2 1 255 255 13 9 5 8 4 14 6 11 12 0 10 16 7 15 3
255 255 255 255 255 255 255 1 2 255 4 8 5 9 13 0 12 11 6 14 3 15 7 16 10
4 1 0 255 255 8 5 9 13 14 12 11 6 2 10 15 7 3 255 16 255 255 255 255 255
255 255 13 14 10 255 2 9 6 16 255 1 5 11 7 255 255 8 12 15 255 255 4 0 3
255 255 255 255 255 255 2 1 255 255 13 9 5 8 4 14 6 11 12 0 10 16 7 15 3
255 255 255 255 255 255 255 1 2 255 4 8 5 9 13 0 12 11 6 14 3 15 7 16 10
4 1 0 255 255 8 5 9 13 14 12 11 6 2 10 15 7 3 255 16 255 255 255 255 255
255 255 13 14 10 255 2 9 6 16 255 1 5 11 7 255 255 8 12 15 255 255 4 0 3
255 255 255 255 255 255 2 1 255 255 13 9 5 8 4 14 6 11 12 0 10 16 7 15 3
255 255 255 255 255 255 255 1 2 255 4 8 5 9 13 0 12 11 6 14 3 15 7 16 10
255 255 15 10 16 255 255 2 14 6 255 0 12 13 11 255 4 8 9 7 255 255 1 5 3
255 255 255 255 255 255 255 0 4 255 15 2 12 8 1 10 14 13 9 5 16 6 11 7 3
255 255 15 10 16 255 255 2 14 6 255 0 12 13 11 255 4 8 9 7 255 255 1 5 3
255 255 255 255 255 255 255 0 4 255 15 2 12 8 1 10 14 13 9 5 16 6 11 7 3
255 255 15 10 16 255 255 2 14 6 255 0 12 13 11 255 4 8 9 7 255 255 1 5 3
255 255 255 255 255 255 255 0 4 255 15 2 12 8 1 10 14 13 9 5 16 6 11 7 3
255 255 15 10 16 255 255 2 14 6 255 0 12 13 11 255 4 8 9 7 255 255 1 5 3
255 255 255 255 255 255 255 0 4 255 15 2 12 8 1 10 14 13 9 5 16 6 11 7 3
255 255 255 255 255 255 255 0 4 255 15 2 12 8 1 10 14 13 9 5 16 6 11 7 3
255 255 15 10 16 255 255 2 14 6 255 0 12 13 11 255 4 8 9 7 255 255 1 5 3
255 255 255 255 255 255 255 0 4 255 15 2 12 8 1 10 14 13 9 5 16 6 11 7 3
255 255 15 10 16 255 255 2 14 6 255 0 12 13 11 255 4 8 9 7 255 255 1 5 3
255 255 255 255 255 255 255 0 4 255 15 2 12 8 1 10 14 13 9 5 16 6 11 7 3
255 255 15 10 16 255 255 2 14 6 255 0 12 13 11 255 4 8 9 7 255 255 1 5 3
255 255 255 255 255 255 255 0 4 255 15 2 12 8 1 10 14 13 9 5 16 6 11 7 3
255 255 255 255 255 13 9 5 1 255 255 12 8 4 0 14 10 6 11 255 15 16 2 7 3
255 255 255 255 255 255 1 5 9 13 0 4 8 12 255 255 11 6 10 14 3 7 2 16 15
255 13 255 14 15 255 9 12 10 16 255 5 8 6 2 255 1 4 11 7 255 255 0 255 3
255 255 255 255 255 13 9 5 1 255 255 12 8 4 0 14 10 6 11 255 15 16 2 7 3
255 255 255 255 255 255 1 5 9 13 0 4 8 12 255 255 11 6 10 14 3 7 2 16 15
255 255 255 255 255 255 1 5 9 13 0 4 8 12 255 255 11 6 10 14 3 7 2 16 15
255 13 255 14 15 255 9 12 10 16 255 5 8 6 2 255 1 4 11 7 255 255 0 255 3
255 255 255 255 255 13 9 5 1 255 255 12 8 4 0 14 10 6 11 255 15 16 2 7 3
255 255 255 255 255 255 1 5 9 13 0 4 8 12 255 255 11 6 10 14 3 7 2 16 15
255 255 255 255 255 13 9 5 1 255 255 12 8 4 0 14 10 6 11 255 15 16 2 7 3
255 255 255 255 255 255 1 5 9 13 0 4 8 12 255 255 11 6 10 14 3 7 2 16 15
255 13 255 14 15 255 9 12 10 16 255 5 8 6 2 255 1 4 11 7 255 255 0 255 3
255 255 255 255 255 13 9 5 1 255 255 12 8 4 0 14 10 6 11 255 15 16 2 7 3
255 255 255 255 255 255 1 5 9 13 0 4 8 12 255 255 11 6 10 14 3 7 2 16 15
255 13 255 14 15 255 9 12 10 16 255 5 8 6 2 255 1 4 11 7 255 255 0 255 3
255 255 255 255 255 13 9 5 1 255 255 12 8 4 0 14 10 6 11 255 15 16 2 7 3
255 255 255 255 255 255 1 5 9 13 0 4 8 12 255 255 11 6 10 14 3 7 2 16 15
255 13 255 14 15 255 9 12 10 16 255 5 8 6 2 255 1 4 11 7 255 255 0 255 3
255 255 255 255 255 3 7 11 6 2 255 8 0 4 9 255 12 10 14 13 255 15 16 1 5
255 255 255 255 255 3 7 11 6 2 255 8 0 4 9 255 12 10 14 13 255 15 16 1 5
255 255 255 255 255 3 7 11 6 2 255 8 0 4 9 255 12 10 14 13 255 15 16 1 5
255 255 255 255 255 3 7 11 6 2 255 8 0 4 9 255 12 10 14 13 255 15 16 1 5
255 255 255 255 255 3 7 11 6 2 255 8 0 4 9 255 12 10 14 13 255 15 16 1 5
255 255 255 255 255 3 7 11 6 2 255 8 0 4 9 255 12 10 14 13 255 15 16 1 5
2 6 13 10 14 255 11 9 16 255 1 7 5 15 12 255 3 4 8 255 255 255 0 255 255
2 255 1 255 255 6 11 7 3 255 13 9 5 4 0 10 16 15 8 255 14 255 12 255 255
255 255 1 255 2 255 3 7 11 6 0 4 5 9 13 255 8 15 16 10 255 255 12 255 14
2 6 13 10 14 255 11 9 16 255 1 7 5 15 12 255 3 4 8 255 255 255 0 255 255
2 255 1 255 255 6 11 7 3 255 13 9 5 4 0 10 16 15 8 255 14 255 12 255 255
2 255 1 255 255 6 11 7 3 255 13 9 5 4 0 10 16 15 8 255 14 255 12 255 255
255 255 1 255 2 255 3 7 11 6 0 4 5 9 13 255 8 15 16 10 255 255 12 255 14
2 6 13 10 14 255 11 9 16 255 1 7 5 15 12 255 3 4 8 255 255 255 0 255 255
2 255 1 255 255 6 11 7 3 255 13 9 5 4 0 10 16 15 8 255 14 255 12 255 255
255 255 1 255 2 255 3 7 11 6 0 4 5 9 13 255 8 15 16 10 255 255 12 255 14
2 6 13 10 14 255 11 9 16 255 1 7 5 15 12 255 3 4 8 255 255 255 0 255 255
2 255 1 255 255 6 11 7 3 255 13 9 5 4 0 10 16 15 8 255 14 255 12 255 255
255 255 1 255 2 255 3 7 11 6 0 4 5 9 13 255 8 15 16 10 255 255 12 255 14
2 6 13 10 14 255 11 9 16 255 1 7 5 15 12 255 3 4 8 255 255 255 0 255 255
2 255 1 255 255 6 11 7 3 255 13 9 5 4 0 10 16 15 8 255 14 255 12 255 255
255 255 1 255 2 255 3 7 11 6 0 4 5 9 13 255 8 15 16 10 255 255 12 255 14
2 6 13 10 14 255 11 9 16 255 1 7 5 15 12 255 3 4 8 255 255 255 0 255 255
2 255 1 255 255 6 11 7 3 255 13 9 5 4 0 10 16 15 8 255 14 255 12 255 255
255 255 255 6 2 15 12 16 10 14 0 4 1 5 9 255 8 7 11 13 255 255 3 255 255
255 255 255 6 2 15 12 16 10 14 0 4 1 5 9 255 8 7 11 13 255 255 3 255 255
255 255 255 6 2 15 12 16 10 14 0 4 1 5 9 255 8 7 11 13 255 255 3 255 255
255 255 255 6 2 15 12 16 10 14 0 4 1 5 9 255 8 7 11 13 255 255 3 255 255
255 255 255 6 2 15 12 16 10 14 0 4 1 5 9 255 8 7 11 13 255 255 3 255 255
255 255 255 6 2 15 12 16 10 14 0 4 1 5 9 255 8 7 11 13 255 255 3 255 255
255 255 255 6 2 15 12 16 10 14 0 4 1 5 9 255 8 7 11 13 255 255 3 255 255
255 255 255 7 3 255 13 14 11 255 255 9 10 6 15 255 5 16 2 12 255 1 0 4 8
255 255 255 255 255 255 13 9 5 1 255 14 10 16 0 7 11 6 2 4 3 255 15 12 8
255 255 255 7 3 255 13 14 11 255 255 9 10 6 15 255 5 16 2 12 255 1 0 4 8
255 255 255 7 3 255 13 14 11 255 255 9 10 6 15 255 5 16 2 12 255 1 0 4 8
255 255 255 255 255 255 13 9 5 1 255 14 10 16 0 7 11 6 2 4 3 255 15 12 8
255 255 255 7 3 255 13 14 11 255 255 9 10 6 15 255 5 16 2 12 255 1 0 4 8
255 255 255 7 3 255 13 14 11 255 255 9 10 6 15 255 5 16 2 12 255 1 0 4 8
255 255 255 255 255 255 13 9 5 1 255 14 10 16 0 7 11 6 2 4 3 255 15 12 8
255 255 255 255 255 255 13 9 5 1 255 14 10 16 0 7 11 6 2 4 3 255 15 12 8
255 255 255 7 3 255 13 14 11 255 255 9 10 6 15 255 5 16 2 12 255 1 0 4 8
255 255 255 255 255 255 13 9 5 1 255 14 10 16 0 7 11 6 2 4 3 255 15 12 8
255 255 15 13 12 255 14 16 9 8 255 10 6 5 4 255 255 2 1 0 255 255 11 3 7
255 255 255 255 255 255 14 10 255 255 15 16 6 2 11 13 9 5 1 3 12 8 4 0 7
255 255 15 13 12 255 14 16 9 8 255 10 6 5 4 255 255 2 1 0 255 255 11 3 7
255 255 255 255 255 255 14 10 255 255 15 16 6 2 11 13 9 5 1 3 12 8 4 0 7
255 255 15 13 12 255 14 16 9 8 255 10 6 5 4 255 255 2 1 0 255 255 11 3 7
255 255 255 255 255 255 14 10 255 255 15 16 6 2 11 13 9 5 1 3 12 8 4 0 7
255 255 15 13 12 255 14 16 9 8 255 10 6 5 4 255 255 2 1 0 255 255 11 3 7
255 255 255 255 255 255 14 10 255 255 15 16 6 2 11 13 9 5 1 3 12 8 4 0 7
255 255 15 13 12 255 14 16 9 8 255 10 6 5 4 255 255 2 1 0 255 255 11 3 7
255 255 255 255 255 255 14 10 255 255 15 16 6 2 11 13 9 5 1 3 12 8 4 0 7
255 255 15 13 12 255 14 16 9 8 255 10 6 5 4 255 255 2 1 0 255 255 11 3 7
255 255 255 255 255 255 14 10 255 255 15 16 6 2 11 13 9 5 1 3 12 8 4 0 7
255 255 15 13 12 255 14 16 9 8 255 10 6 5 4 255 255 2 1 0 255 255 11 3 7
255 255 255 255 255 255 14 10 255 255 15 16 6 2 11 13 9 5 1 3 12 8 4 0 7
255 255 15 13 12 255 14 16 9 8 255 10 6 5 4 255 255 2 1 0 255 255 11 3 7
10 14 6 255 255 16 13 11 2 255 15 9 7 255 255 12 5 3 0 255 8 1 4 255 255
255 255 255 255 255 255 13 14 10 16 255 9 5 6 15 0 4 1 11 2 255 3 8 7 12
255 14 10 16 15 255 13 9 6 11 255 255 5 2 12 255 255 1 8 7 255 255 0 4 3
255 255 255 255 255 14 13 255 255 255 10 9 5 1 0 16 6 2 8 4 15 11 12 7 3
255 16 10 11 3 255 15 14 6 7 0 12 13 2 255 4 8 9 255 255 255 1 5 255 255
10 14 6 255 255 16 13 11 2 255 15 9 7 255 255 12 5 3 0 255 8 1 4 255 255
255 255 255 255 255 255 13 14 10 16 255 9 5 6 15 0 4 1 11 2 255 3 8 7 12
255 14 10 16 15 255 13 9 6 11 255 255 5 2 12 255 255 1 8 7 255 255 0 4 3
255 255 255 255 255 14 13 255 255 255 10 9 5 1 0 16 6 2 8 4 15 11 12 7 3
255 16 10 11 3 255 15 14 6 7 0 12 13 2 255 4 8 9 255 255 255 1 5 255 255
10 14 6 255 255 16 13 11 2 255 15 9 7 255 255 12 5 3 0 255 8 1 4 255 255
255 255 255 255 255 255 13 14 10 16 255 9 5 6 15 0 4 1 11 2 255 3 8 7 12
255 14 10 16 15 255 13 9 6 11 255 255 5 2 12 255 255 1 8 7 255 255 0 4 3
255 255 255 255 255 14 13 255 255 255 10 9 5 1 0 16 6 2 8 4 15 11 12 7 3
255 16 10 11 3 255 15 14 6 7 0 12 13 2 255 4 8 9 255 255 255 1 5 255 255
10 14 6 255 255 16 13 11 2 255 15 9 7 255 255 12 5 3 0 255 8 1 4 255 255
255 255 255 255 255 255 13 14 10 16 255 9 5 6 15 0 4 1 11 2 255 3 8 7 12
10 14 6 255 255 16 13 11 2 255 15 9 7 255 255 12 5 3 0 255 8 1 4 255 255
255 255 255 255 255 255 13 14 10 16 255 9 5 6 15 0 4 1 11 2 255 3 8 7 12
255 14 10 16 15 255 13 9 6 11 255 255 5 2 12 255 255 1 8 7 255 255 0 4 3
255 255 255 255 255 14 13 255 255 255 10 9 5 1 0 16 6 2 8 4 15 11 12 7 3
255 16 10 11 3 255 15 14 6 7 0 12 13 2 255 4 8 9 255 255 255 1 5 255 255
10 14 6 255 255 16 13 11 2 255 15 9 7 255 255 12 5 3 0 255 8 1 4 255 255
255 255 255 255 255 255 13 14 10 16 255 9 5 6 15 0 4 1 11 2 255 3 8 7 12
255 255 255 255 255 14 13 255 255 255 10 9 5 1 0 16 6 2 8 4 15 11 12 7 3
255 16 10 11 3 255 15 14 6 7 0 12 13 2 255 4 8 9 255 255 255 1 5 255 255
10 14 6 255 255 16 13 11 2 255 15 9 7 255 255 12 5 3 0 255 8 1 4 255 255
255 255 255 255 255 255 13 14 10 16 255 9 5 6 15 0 4 1 11 2 255 3 8 7 12
255 14 10 16 15 255 13 9 6 11 255 255 5 2 12 255 255 1 8 7 255 255 0 4 3
255 255 255 255 255 14 13 255 255 255 10 9 5 1 0 16 6 2 8 4 15 11 12 7 3
255 16 10 11 3 255 15 14 6 7 0 12 13 2 255 4 8 9 255 255 255 1 5 255 255
10 14 6 255 255 16 13 11 2 255 15 9 7 255 255 12 5 3 0 255 8 1 4 255 255
255 255 255 16 15 255 14 13 255 12 255 10 9 11 8 255 6 5 7 4 255 2 1 3 0
0 3 1 2 255 4 7 5 6 255 8 11 9 10 255 12 255 13 14 255 15 16 255 255 255
255 255 16 12 15 255 14 10 8 11 255 255 6 4 7 255 255 2 0 3 255 13 9 1 5
255 255 255 255 255 255 14 10 6 2 255 13 9 5 1 16 255 11 7 3 15 12 8 4 0
255 255 255 255 255 255 14 255 255 13 16 10 6 2 9 12 8 4 0 1 15 11 7 3 5
255 255 255 16 15 255 14 13 255 12 255 10 9 11 8 255 6 5 7 4 255 2 1 3 0
0 4 8 12 15 3 7 11 255 16 1 5 9 13 255 2 6 10 14 255 255 255 255 255 255
255 13 15 12 9 255 255 16 8 5 255 14 10 4 1 255 255 11 0 6 255 255 7 3 2
255 255 255 255 255 255 14 10 6 2 255 13 9 5 1 16 255 11 7 3 15 12 8 4 0
0 4 8 12 15 3 7 11 255 16 1 5 9 13 255 2 6 10 14 255 255 255 255 255 255
255 255 255 16 15 255 14 13 255 12 255 10 9 11 8 255 6 5 7 4 255 2 1 3 0
0 3 1 2 255 4 7 5 6 255 8 11 9 10 255 12 255 13 14 255 15 16 255 255 255
255 255 16 12 15 255 14 10 8 11 255 255 6 4 7 255 255 2 0 3 255 13 9 1 5
255 255 255 255 255 255 14 10 6 2 255 13 9 5 1 16 255 11 7 3 15 12 8 4 0
255 255 255 255 255 255 14 255 255 13 16 10 6 2 9 12 8 4 0 1 15 11 7 3 5
255 255 255 16 15 255 14 13 255 12 255 10 9 11 8 255 6 5 7 4 255 2 1 3 0
0 3 1 2 255 4 7 5 6 255 8 11 9 10 255 12 255 13 14 255 15 16 255 255 255
255 255 16 12 15 255 14 10 8 11 255 255 6 4 7 255 255 2 0 3 255 13 9 1 5
255 255 255 255 255 255 14 10 6 2 255 13 9 5 1 16 255 11 7 3 15 12 8 4 0
255 255 255 255 255 255 14 255 255 13 16 10 6 2 9 12 8 4 0 1 15 11 7 3 5
255 255 255 16 15 255 14 13 255 12 255 10 9 11 8 255 6 5 7 4 255 2 1 3 0
0 4 8 12 15 3 7 11 255 16 1 5 9 13 255 2 6 10 14 255 255 255 255 255 255
255 13 15 12 9 255 255 16 8 5 255 14 10 4 1 255 255 11 0 6 255 255 7 3 2
255 255 255 255 255 255 14 10 6 2 255 13 9 5 1 16 255 11 7 3 15 12 8 4 0
0 4 8 12 15 3 7 11 255 16 1 5 9 13 255 2 6 10 14 255 255 255 255 255 255
255 255 255 16 15 255 14 13 255 12 255 10 9 11 8 255 6 5 7 4 255 2 1 3 0
0 3 1 2 255 4 7 5 6 255 8 11 9 10 255 12 255 13 14 255 15 16 255 255 255
255 255 16 12 15 255 14 10 8 11 255 255 6 4 7 255 255 2 0 3 255 13 9 1 5
255 255 255 255 255 255 14 10 6 2 255 13 9 5 1 16 255 11 7 3 15 12 8 4 0
255 255 255 255 255 255 14 255 255 13 16 10 6 2 9 12 8 4 0 1 15 11 7 3 5
255 255 255 16 15 255 14 13 255 12 255 10 9 11 8 255 6 5 7 4 255 2 1 3 0
0 4 8 12 15 3 7 11 255 16 1 5 9 13 255 2 6 10 14 255 255 255 255 255 255
0 4 8 12 15 3 7 11 255 16 1 5 9 13 255 2 6 10 14 255 255 255 255 255 255
255 255 255 16 15 255 14 13 255 12 255 10 9 11 8 255 6 5 7 4 255 2 1 3 0
0 3 1 2 255 4 7 5 6 255 8 11 9 10 255 12 255 13 14 255 15 16 255 255 255
255 255 16 12 15 255 14 10 8 11 255 255 6 4 7 255 255 2 0 3 255 13 9 1 5
255 255 255 255 255 255 14 10 6 2 255 13 9 5 1 16 255 11 7 3 15 12 8 4 0
255 255 255 255 255 255 14 255 255 13 16 10 6 2 9 12 8 4 0 1 15 11 7 3 5
255 255 255 16 15 255 14 13 255 12 255 10 9 11 8 255 6 5 7 4 255 2 1 3 0
0 4 8 12 15 3 7 11 255 16 1 5 9 13 255 2 6 10 14 255 255 255 255 255 255
255 13 15 12 9 255 255 16 8 5 255 14 10 4 1 255 255 11 0 6 255 255 7 3 2
255 255 255 255 255 255 14 10 6 2 255 13 9 5 1 16 255 11 7 3 15 12 8 4 0
0 4 8 12 15 3 7 11 255 16 1 5 9 13 255 2 6 10 14 255 255 255 255 255 255
255 255 255 16 15 255 14 13 255 12 255 10 9 11 8 255 6 5 7 4 255 2 1 3 0
0 3 1 2 255 4 7 5 6 255 8 11 9 10 255 12 255 13 14 255 15 16 255 255 255
255 255 16 12 15 255 14 10 8 11 255 255 6 4 7 255 255 2 0 3 255 13 9 1 5
255 255 255 255 255 255 14 10 6 2 255 13 9 5 1 16 255 11 7 3 15 12 8 4 0
255 13 15 12 9 255 255 16 8 5 255 14 10 4 1 255 255 11 0 6 255 255 7 3 2
255 255 255 255 255 255 14 10 6 2 255 13 9 5 1 16 255 11 7 3 15 12 8 4 0
0 4 8 12 15 3 7 11 255 16 1 5 9 13 255 2 6 10 14 255 255 255 255 255 255
255 255 255 16 15 255 14 13 255 12 255 10 9 11 8 255 6 5 7 4 255 2 1 3 0
0 3 1 2 255 4 7 5 6 255 8 11 9 10 255 12 255 13 14 255 15 16 255 255 255
255 255 16 12 15 255 14 10 8 11 255 255 6 4 7 255 255 2 0 3 255 13 9 1 5
255 255 255 255 255 255 14 10 6 2 255 13 9 5 1 16 255 11 7 3 15 12 8 4 0
255 255 255 255 255 255 14 255 255 13 16 10 6 2 9 12 8 4 0 1 15 11 7 3 5
255 255 255 16 15 255 14 13 255 12 255 10 9 11 8 255 6 5 7 4 255 2 1 3 0
0 4 8 12 15 3 7 11 255 16 1 5 9 13 255 2 6 10 14 255 255 255 255 255 255
255 13 15 12 9 255 255 16 8 5 255 14 10 4 1 255 255 11 0 6 255 255 7 3 2
255 255 255 255 255 255 14 10 6 2 255 13 9 5 1 16 255 11 7 3 15 12 8 4 0
0 4 8 12 15 3 7 11 255 16 1 5 9 13 255 2 6 10 14 255 255 255 255 255 255
255 255 255 16 15 255 14 13 255 12 255 10 9 11 8 255 6 5 7 4 255 2 1 3 0
0 3 1 2 255 4 7 5 6 255 8 11 9 10 255 12 255 13 14 255 15 16 255 255 255
255 255 16 12 15 255 14 10 8 11 255 255 6 4 7 255 255 2 0 3 255 13 9 1 5
255 255 255 255 255 255 14 10 6 2 255 13 9 5 1 16 255 11 7 3 15 12 8 4 0
255 255 255 3 2 255 255 1 7 6 255 0 5 14 11 255 4 9 13 10 255 8 12 15 16
16 10 11 6 2 15 13 14 7 3 12 9 5 1 255 8 4 0 255 255 255 255 255 255 255
255 255 255 255 255 255 255 0 4 8 255 1 5 9 12 3 7 14 13 15 2 6 11 10 16
16 10 11 6 2 15 13 14 7 3 12 9 5 1 255 8 4 0 255 255 255 255 255 255 255
255 255 2 6 255 255 14 10 11 255 1 13 16 7 255 5 9 15 3 255 4 8 12 0 255
255 255 255 3 2 255 255 1 7 6 255 0 5 14 11 255 4 9 13 10 255 8 12 15 16
16 15 12 8 255 10 13 9 4 255 11 14 5 0 255 6 7 1 255 255 2 3 255 255 255
14 10 11 3 255 13 16 6 7 255 9 15 2 255 255 5 12 1 255 255 4 8 0 255 255
255 255 255 255 255 255 255 0 4 8 255 1 5 9 12 3 7 14 13 15 2 6 11 10 16
255 255 255 3 2 255 255 1 7 6 255 0 5 14 11 255 4 9 13 10 255 8 12 15 16
16 10 11 6 2 15 13 14 7 3 12 9 5 1 255 8 4 0 255 255 255 255 255 255 255
255 255 255 255 255 255 255 0 4 8 255 1 5 9 12 3 7 14 13 15 2 6 11 10 16
16 10 11 6 2 15 13 14 7 3 12 9 5 1 255 8 4 0 255 255 255 255 255 255 255
255 255 2 6 255 255 14 10 11 255 1 13 16 7 255 5 9 15 3 255 4 8 12 0 255
255 255 255 3 2 255 255 1 7 6 255 0 5 14 11 255 4 9 13 10 255 8 12 15 16
16 15 12 8 255 10 13 9 4 255 11 14 5 0 255 6 7 1 255 255 2 3 255 255 255
255 255 255 255 255 255 255 0 4 8 255 1 5 9 12 3 7 14 13 15 2 6 11 10 16
16 10 11 6 2 15 13 14 7 3 12 9 5 1 255 8 4 0 255 255 255 255 255 255 255
255 255 2 6 255 255 14 10 11 255 1 13 16 7 255 5 9 15 3 255 4 8 12 0 255
255 255 255 3 2 255 255 1 7 6 255 0 5 14 11 255 4 9 13 10 255 8 12 15 16
16 15 12 8 255 10 13 9 4 255 11 14 5 0 255 6 7 1 255 255 2 3 255 255 255
14 10 11 3 255 13 16 6 7 255 9 15 2 255 255 5 12 1 255 255 4 8 0 255 255
255 255 255 255 255 255 255 0 4 8 255 1 5 9 12 3 7 14 13 15 2 6 11 10 16
255 255 255 3 2 255 255 1 7 6 255 0 5 14 11 255 4 9 13 10 255 8 12 15 16
16 10 11 6 2 15 13 14 7 3 12 9 5 1 255 8 4 0 255 255 255 255 255 255 255
255 255 255 255 255 255 255 0 4 8 255 1 5 9 12 3 7 14 13 15 2 6 11 10 16
16 10 11 6 2 15 13 14 7 3 12 9 5 1 255 8 4 0 255 255 255 255 255 255 255
255 255 2 6 255 255 14 10 11 255 1 13 16 7 255 5 9 15 3 255 4 8 12 0 255
255 255 255 3 2 255 255 1 7 6 255 0 5 14 11 255 4 9 13 10 255 8 12 15 16
16 15 12 8 255 10 13 9 4 255 11 14 5 0 255 6 7 1 255 255 2 3 255 255 255
14 10 11 3 255 13 16 6 7 255 9 15 2 255 255 5 12 1 255 255 4 8 0 255 255
255 255 255 3 2 255 255 1 7 6 255 0 5 14 11 255 4 9 13 10 255 8 12 15 16
16 10 11 6 2 15 13 14 7 3 12 9 5 1 255 8 4 0 255 255 255 255 255 255 255
255 255 255 255 255 255 255 0 4 8 255 1 5 9 12 3 7 14 13 15 2 6 11 10 16
16 10 11 6 2 15 13 14 7 3 12 9 5 1 255 8 4 0 255 255 255 255 255 255 255
255 255 2 6 255 255 14 10 11 255 1 13 16 7 255 5 9 15 3 255 4 8 12 0 255
255 255 255 3 2 255 255 1 7 6 255 0 5 14 11 255 4 9 13 10 255 8 12 15 16
16 15 12 8 255 10 13 9 4 255 11 14 5 0 255 6 7 1 255 255 2 3 255 255 255
14 10 11 3 255 13 16 6 7 255 9 15 2 255 255 5 12 1 255 255 4 8 0 255 255
255 255 255 255 255 255 255 0 4 8 255 1 5 9 12 3 7 14 13 15 2 6 11 10 16
255 255 255 3 2 255 255 1 7 6 255 0 5 14 11 255 4 9 13 10 255 8 12 15 16
16 10 11 6 2 15 13 14 7 3 12 9 5 1 255 8 4 0 255 255 255 255 255 255 255
255 255 255 255 255 255 255 0 4 8 255 1 5 9 12 3 7 14 13 15 2 6 11 10 16
16 10 11 6 2 15 13 14 7 3 12 9 5 1 255 8 4 0 255 255 255 255 255 255 255
255 255 2 6 255 255 14 10 11 255 1 13 16 7 255 5 9 15 3 255 4 8 12 0 255
255 255 255 255 255 255 255 0 4 8 255 1 5 9 12 3 7 14 13 15 2 6 11 10 16
255 255 255 3 2 255 255 1 7 6 255 0 5 14 11 255 4 9 13 10 255 8 12 15 16
16 10 11 6 2 15 13 14 7 3 12 9 5 1 255 8 4 0 255 255 255 255 255 255 255
255 255 255 255 255 255 255 0 4 8 255 1 5 9 12 3 7 14 13 15 2 6 11 10 16
16 10 11 6 2 15 13 14 7 3 12 9 5 1 255 8 4 0 255 255 255 255 255 255 255
255 255 2 6 255 255 14 10 11 255 1 13 16 7 255 5 9 15 3 255 4 8 12 0 255
255 255 255 3 2 255 255 1 7 6 255 0 5 14 11 255 4 9 13 10 255 8 12 15 16
16 15 12 8 255 10 13 9 4 255 11 14 5 0 255 6 7 1 255 255 2 3 255 255 255
14 10 11 3 255 13 16 6 7 255 9 15 2 255 255 5 12 1 255 255 4 8 0 255 255
255 255 255 255 255 255 255 0 4 8 255 1 5 9 12 3 7 14 13 15 2 6 11 10 16
255 255 255 3 2 255 255 1 7 6 255 0 5 14 11 255 4 9 13 10 255 8 12 15 16
16 10 11 6 2 15 13 14 7 3 12 9 5 1 255 8 4 0 255 255 255 255 255 255 255
255 255 255 255 255 255 255 0 4 8 255 1 5 9 12 3 7 14 13 15 2 6 11 10 16
16 10 11 6 2 15 13 14 7 3 12 9 5 1 255 8 4 0 255 255 255 255 255 255 255
255 255 15 12 11 255 255 16 8 6 255 255 10 4 2 255 13 14 0 7 255 9 5 1 3
255 255 15 12 11 255 255 16 8 6 255 255 10 4 2 255 13 14 0 7 255 9 5 1 3
255 255 15 12 11 255 255 16 8 6 255 255 10 4 2 255 13 14 0 7 255 9 5 1 3
255 255 15 12 11 255 255 16 8 6 255 255 10 4 2 255 13 14 0 7 255 9 5 1 3
255 255 15 12 11 255 255 16 8 6 255 255 10 4 2 255 13 14 0 7 255 9 5 1 3
255 255 15 12 11 255 255 16 8 6 255 255 10 4 2 255 13 14 0 7 255 9 5 1 3
255 255 15 12 11 255 255 16 8 6 255 255 10 4 2 255 13 14 0 7 255 9 5 1 3
0 4 15 16 255 255 8 12 10 255 255 255 2 6 255 1 14 13 11 255 5 9 3 7 255
255 255 255 255 255 255 255 1 5 9 255 4 0 14 13 12 8 2 3 7 15 16 10 6 11
11 6 10 16 15 7 3 2 255 12 13 14 255 255 8 9 5 1 255 4 255 255 255 255 0
10 2 16 15 12 6 11 13 9 8 3 7 14 5 4 255 255 255 1 0 255 255 255 255 255
1 16 10 15 255 5 2 6 12 255 9 13 11 8 255 255 14 7 4 255 255 255 3 0 255
255 255 255 255 255 255 255 12 15 16 0 4 8 2 10 255 9 13 11 6 1 5 14 7 3
255 255 0 12 15 255 255 4 8 16 255 1 255 2 10 255 5 14 3 6 255 9 13 7 11
11 7 13 9 255 6 3 14 5 255 10 2 255 1 255 16 255 255 255 255 15 12 8 4 0
255 0 4 16 15 255 255 8 10 12 255 255 2 6 3 255 1 5 11 7 255 255 9 13 14
255 255 255 255 255 255 255 1 5 9 0 4 255 14 13 12 8 2 3 7 15 16 10 6 11
9 5 2 1 255 13 11 6 10 16 14 7 3 255 15 255 255 255 255 12 255 255 0 4 8
255 255 255 255 255 0 255 255 1 255 4 8 2 5 9 16 10 6 11 13 15 12 3 7 14
255 255 0 12 15 255 255 4 8 16 255 1 255 2 10 255 5 14 3 6 255 9 13 7 11
11 6 10 16 15 7 3 2 255 12 13 14 255 255 8 9 5 1 255 4 255 255 255 255 0
10 6 3 255 255 2 11 7 255 255 16 13 14 255 255 15 9 5 1 255 12 8 4 0 255
0 4 15 16 255 255 8 12 10 255 255 255 2 6 255 1 14 13 11 255 5 9 3 7 255
255 255 255 255 255 255 255 1 5 9 255 4 0 14 13 12 8 2 3 7 15 16 10 6 11
11 6 10 16 15 7 3 2 255 12 13 14 255 255 8 9 5 1 255 4 255 255 255 255 0
10 2 16 15 12 6 11 13 9 8 3 7 14 5 4 255 255 255 1 0 255 255 255 255 255
1 16 10 15 255 5 2 6 12 255 9 13 11 8 255 255 14 7 4 255 255 255 3 0 255
255 255 255 255 255 255 255 12 15 16 0 4 8 2 10 255 9 13 11 6 1 5 14 7 3
255 255 0 12 15 255 255 4 8 16 255 1 255 2 10 255 5 14 3 6 255 9 13 7 11
11 7 13 9 255 6 3 14 5 255 10 2 255 1 255 16 255 255 255 255 15 12 8 4 0
255 0 4 16 15 255 255 8 10 12 255 255 2 6 3 255 1 5 11 7 255 255 9 13 14
255 255 255 255 255 255 255 1 5 9 0 4 255 14 13 12 8 2 3 7 15 16 10 6 11
255 255 255 255 255 0 255 255 1 255 4 8 2 5 9 16 10 6 11 13 15 12 3 7 14
255 255 0 12 15 255 255 4 8 16 255 1 255 2 10 255 5 14 3 6 255 9 13 7 11
11 6 10 16 15 7 3 2 255 12 13 14 255 255 8 9 5 1 255 4 255 255 255 255 0
10 6 3 255 255 2 11 7 255 255 16 13 14 255 255 15 9 5 1 255 12 8 4 0 255
0 4 15 16 255 255 8 12 10 255 255 255 2 6 255 1 14 13 11 255 5 9 3 7 255
255 255 255 255 255 255 255 1 5 9 255 4 0 14 13 12 8 2 3 7 15 16 10 6 11
11 6 10 16 15 7 3 2 255 12 13 14 255 255 8 9 5 1 255 4 255 255 255 255 0
10 2 16 15 12 6 11 13 9 8 3 7 14 5 4 255 255 255 1 0 255 255 255 255 255
1 16 10 15 255 5 2 6 12 255 9 13 11 8 255 255 14 7 4 255 255 255 3 0 255
255 255 255 255 255 255 255 12 15 16 0 4 8 2 10 255 9 13 11 6 1 5 14 7 3
255 255 0 12 15 255 255 4 8 16 255 1 255 2 10 255 5 14 3 6 255 9 13 7 11
11 7 13 9 255 6 3 14 5 255 10 2 255 1 255 16 255 255 255 255 15 12 8 4 0
255 0 4 16 15 255 255 8 10 12 255 255 2 6 3 255 1 5 11 7 255 255 9 13 14
255 255 255 255 255 255 255 1 5 9 0 4 255 14 13 12 8 2 3 7 15 16 10 6 11
9 5 2 1 255 13 11 6 10 16 14 7 3 255 15 255 255 255 255 12 255 255 0 4 8
255 255 255 255 255 0 255 255 1 255 4 8 2 5 9 16 10 6 11 13 15 12 3 7 14
255 255 0 12 15 255 255 4 8 16 255 1 255 2 10 255 5 14 3 6 255 9 13 7 11
11 6 10 16 15 7 3 2 255 12 13 14 255 255 8 9 5 1 255 4 255 255 255 255 0
10 6 3 255 255 2 11 7 255 255 16 13 14 255 255 15 9 5 1 255 12 8 4 0 255
0 4 15 16 255 255 8 12 10 255 255 255 2 6 255 1 14 13 11 255 5 9 3 7 255
255 255 255 255 255 255 255 1 5 9 255 4 0 14 13 12 8 2 3 7 15 16 10 6 11
11 6 10 16 15 7 3 2 255 12 13 14 255 255 8 9 5 1 255 4 255 255 255 255 0
10 2 16 15 12 6 11 13 9 8 3 7 14 5 4 255 255 255 1 0 255 255 255 255 255
1 16 10 15 255 5 2 6 12 255 9 13 11 8 255 255 14 7 4 255 255 255 3 0 255
255 255 255 255 255 255 255 12 15 16 0 4 8 2 10 255 9 13 11 6 1 5 14 7 3
255 255 0 12 15 255 255 4 8 16 255 1 255 2 10 255 5 14 3 6 255 9 13 7 11
11 6 10 16 15 7 3 2 255 12 13 14 255 255 8 9 5 1 255 4 255 255 255 255 0
10 6 3 255 255 2 11 7 255 255 16 13 14 255 255 15 9 5 1 255 12 8 4 0 255
0 4 15 16 255 255 8 12 10 255 255 255 2 6 255 1 14 13 11 255 5 9 3 7 255
255 255 255 255 255 255 255 1 5 9 255 4 0 14 13 12 8 2 3 7 15 16 10 6 11
11 6 10 16 15 7 3 2 255 12 13 14 255 255 8 9 5 1 255 4 255 255 255 255 0
10 2 16 15 12 6 11 13 9 8 3 7 14 5 4 255 255 255 1 0 255 255 255 255 255
1 16 10 15 255 5 2 6 12 255 9 13 11 8 255 255 14 7 4 255 255 255 3 0 255
255 255 255 255 255 255 255 12 15 16 0 4 8 2 10 255 9 13 11 6 1 5 14 7 3
255 255 0 12 15 255 255 4 8 16 255 1 255 2 10 255 5 14 3 6 255 9 13 7 11
11 7 13 9 255 6 3 14 5 255 10 2 255 1 255 16 255 255 255 255 15 12 8 4 0
255 0 4 16 15 255 255 8 10 12 255 255 2 6 3 255 1 5 11 7 255 255 9 13 14
255 255 255 255 255 255 255 1 5 9 0 4 255 14 13 12 8 2 3 7 15 16 10 6 11
9 5 2 1 255 13 11 6 10 16 14 7 3 255 15 255 255 255 255 12 255 255 0 4 8
255 255 255 255 255 0 255 255 1 255 4 8 2 5 9 16 10 6 11 13 15 12 3 7 14
255 255 0 12 15 255 255 4 8 16 255 1 255 2 10 255 5 14 3 6 255 9 13 7 11
11 6 10 16 15 7 3 2 255 12 13 14 255 255 8 9 5 1 255 4 255 255 255 255 0
10 6 3 255 255 2 11 7 255 255 16 13 14 255 255 15 9 5 1 255 12 8 4 0 255
0 4 15 16 255 255 8 12 10 255 255 255 2 6 255 1 14 13 11 255 5 9 3 7 255
255 255 255 255 255 255 255 1 5 9 255 4 0 14 13 12 8 2 3 7 15 16 10 6 11
11 6 10 16 15 7 3 2 255 12 13 14 255 255 8 9 5 1 255 4 255 255 255 255 0
10 2 16 15 12 6 11 13 9 8 3 7 14 5 4 255 255 255 1 0 255 255 255 255 255
1 16 10 15 255 5 2 6 12 255 9 13 11 8 255 255 14 7 4 255 255 255 3 0 255
255 255 255 255 255 255 255 12 15 16 0 4 8 2 10 255 9 13 11 6 1 5 14 7 3
255 255 0 12 15 255 255 4 8 16 255 1 255 2 10 255 5 14 3 6 255 9 13 7 11
11 7 13 9 255 6 3 14 5 255 10 2 255 1 255 16 255 255 255 255 15 12 8 4 0
9 5 2 1 255 13 11 6 10 16 14 7 3 255 15 255 255 255 255 12 255 255 0 4 8
255 255 255 255 255 0 255 255 1 255 4 8 2 5 9 16 10 6 11 13 15 12 3 7 14
255 255 0 12 15 255 255 4 8 16 255 1 255 2 10 255 5 14 3 6 255 9 13 7 11
11 6 10 16 15 7 3 2 255 12 13 14 255 255 8 9 5 1 255 4 255 255 255 255 0
10 6 3 255 255 2 11 7 255 255 16 13 14 255 255 15 9 5 1 255 12 8 4 0 255
0 4 15 16 255 255 8 12 10 255 255 255 2 6 255 1 14 13 11 255 5 9 3 7 255
255 255 255 255 255 255 255 1 5 9 255 4 0 14 13 12 8 2 3 7 15 16 10 6 11
11 6 10 16 15 7 3 2 255 12 13 14 255 255 8 9 5 1 255 4 255 255 255 255 0
10 2 16 15 12 6 11 13 9 8 3 7 14 5 4 255 255 255 1 0 255 255 255 255 255
1 16 10 15 255 5 2 6 12 255 9 13 11 8 255 255 14 7 4 255 255 255 3 0 255
255 255 255 255 255 255 255 12 15 16 0 4 8 2 10 255 9 13 11 6 1 5 14 7 3
255 255 0 12 15 255 255 4 8 16 255 1 255 2 10 255 5 14 3 6 255 9 13 7 11
11 7 13 9 255 6 3 14 5 255 10 2 255 1 255 16 255 255 255 255 15 12 8 4 0
255 0 4 16 15 255 255 8 10 12 255 255 2 6 3 255 1 5 11 7 255 255 9 13 14
255 255 255 255 255 255 255 1 5 9 0 4 255 14 13 12 8 2 3 7 15 16 10 6 11
9 5 2 1 255 13 11 6 10 16 14 7 3 255 15 255 255 255 255 12 255 255 0 4 8
255 255 255 255 255 0 255 255 1 255 4 8 2 5 9 16 10 6 11 13 15 12 3 7 14
255 255 0 12 15 255 255 4 8 16 255 1 255 2 10 255 5 14 3 6 255 9 13 7 11
11 6 10 16 15 7 3 2 255 12 13 14 255 255 8 9 5 1 255 4 255 255 255 255 0
10 6 3 255 255 2 11 7 255 255 16 13 14 255 255 15 9 5 1 255 12 8 4 0 255

