1000
255 255 255 255 9 10 2 255 8 6 5 3 7 4 1 0
0 3 5 1 2 10 6 4 255 9 8 7 255 255 255 255
0 255 255 255 3 5 2 255 1 4 7 6 255 10 9 8
3 7 8 9 5 4 6 10 0 1 255 255 2 255 255 255
255 255 255 255 9 10 2 255 8 6 5 3 7 4 1 0
0 3 5 1 2 10 6 4 255 9 8 7 255 255 255 255
0 255 255 255 3 5 2 255 1 4 7 6 255 10 9 8
3 7 8 9 5 4 6 10 0 1 255 255 2 255 255 255
255 255 255 255 9 10 2 255 8 6 5 3 7 4 1 0
0 3 5 1 2 10 6 4 255 9 8 7 255 255 255 255
0 255 255 255 3 5 2 255 1 4 7 6 255 10 9 8
3 7 8 9 5 4 6 10 0 1 255 255 2 255 255 255
255 255 255 255 9 10 2 255 8 6 5 3 7 4 1 0
0 3 5 1 2 10 6 4 255 9 8 7 255 255 255 255
0 255 255 255 3 5 2 255 1 4 7 6 255 10 9 8
3 7 8 9 5 4 6 10 0 1 255 255 2 255 255 255
255 255 255 255 9 10 2 255 8 6 5 3 7 4 1 0
0 3 5 1 2 10 6 4 255 9 8 7 255 255 255 255
0 255 255 255 3 5 2 255 1 4 7 6 255 10 9 8
3 7 8 9 5 4 6 10 0 1 255 255 2 255 255 255
255 255 255 255 9 10 2 255 8 6 5 3 7 4 1 0
0 3 5 1 2 10 6 4 255 9 8 7 255 255 255 255
0 255 255 255 3 5 2 255 1 4 7 6 255 10 9 8
3 7 8 9 5 4 6 10 0 1 255 255 2 255 255 255
255 255 255 255 9 10 2 255 8 6 5 3 7 4 1 0
0 3 5 1 2 10 6 4 255 9 8 7 255 255 255 255
0 255 255 255 3 5 2 255 1 4 7 6 255 10 9 8
3 7 8 9 5 4 6 10 0 1 255 255 2 255 255 255
255 255 255 255 9 10 2 255 8 6 5 3 7 4 1 0
0 3 5 1 2 10 6 4 255 9 8 7 255 255 255 255
0 255 255 255 3 5 2 255 1 4 7 6 255 10 9 8
3 7 8 9 5 4 6 10 0 1 255 255 2 255 255 255
0 3 5 2 255 1 4 7 255 255 6 8 255 255 10 9
9 6 0 255 10 8 3 255 255 7 5 255 1 4 2 255
255 255 2 0 255 9 10 3 255 8 6 5 255 7 4 1
255 0 255 255 255 3 10 6 2 5 9 8 255 1 4 7
0 3 5 2 255 1 4 7 255 255 6 8 255 255 10 9
9 6 0 255 10 8 3 255 255 7 5 255 1 4 2 255
255 255 2 0 255 9 10 3 255 8 6 5 255 7 4 1
255 0 255 255 255 3 10 6 2 5 9 8 255 1 4 7
0 3 5 2 255 1 4 7 255 255 6 8 255 255 10 9
9 6 0 255 10 8 3 255 255 7 5 255 1 4 2 255
255 255 2 0 255 9 10 3 255 8 6 5 255 7 4 1
255 0 255 255 255 3 10 6 2 5 9 8 255 1 4 7
0 3 5 2 255 1 4 7 255 255 6 8 255 255 10 9
9 6 0 255 10 8 3 255 255 7 5 255 1 4 2 255
255 255 2 0 255 9 10 3 255 8 6 5 255 7 4 1
255 0 255 255 255 3 10 6 2 5 9 8 255 1 4 7
0 3 5 2 255 1 4 7 255 255 6 8 255 255 10 9
9 6 0 255 10 8 3 255 255 7 5 255 1 4 2 255
255 255 2 0 255 9 10 3 255 8 6 5 255 7 4 1
255 0 255 255 255 3 10 6 2 5 9 8 255 1 4 7
0 3 5 2 255 1 4 7 255 255 6 8 255 255 10 9
9 6 0 255 10 8 3 255 255 7 5 255 1 4 2 255
255 255 2 0 255 9 10 3 255 8 6 5 255 7 4 1
255 0 255 255 255 3 10 6 2 5 9 8 255 1 4 7
0 3 5 2 255 1 4 7 255 255 6 8 255 255 10 9
9 6 0 255 10 8 3 255 255 7 5 255 1 4 2 255
255 255 2 0 255 9 10 3 255 8 6 5 255 7 4 1
255 0 255 255 255 3 10 6 2 5 9 8 255 1 4 7
0 3 5 2 255 1 4 7 255 255 6 8 255 255 10 9
9 6 0 255 10 8 3 255 255 7 5 255 1 4 2 255
255 255 2 0 255 9 10 3 255 8 6 5 255 7 4 1
255 0 255 255 255 3 10 6 2 5 9 8 255 1 4 7
255 255 255 0 255 255 1 3 10 6 4 5 9 8 7 2
10 9 255 255 6 8 255 255 4 7 2 255 1 5 3 0
3 1 10 255 5 4 9 255 0 7 8 255 2 255 6 255
2 255 255 255 3 0 255 255 5 7 8 9 1 4 6 10
255 255 255 0 255 255 1 3 10 6 4 5 9 8 7 2
10 9 255 255 6 8 255 255 4 7 2 255 1 5 3 0
3 1 10 255 5 4 9 255 0 7 8 255 2 255 6 255
2 255 255 255 3 0 255 255 5 7 8 9 1 4 6 10
255 255 255 0 255 255 1 3 10 6 4 5 9 8 7 2
10 9 255 255 6 8 255 255 4 7 2 255 1 5 3 0
3 1 10 255 5 4 9 255 0 7 8 255 2 255 6 255
2 255 255 255 3 0 255 255 5 7 8 9 1 4 6 10
255 255 255 0 255 255 1 3 10 6 4 5 9 8 7 2
10 9 255 255 6 8 255 255 4 7 2 255 1 5 3 0
3 1 10 255 5 4 9 255 0 7 8 255 2 255 6 255
2 255 255 255 3 0 255 255 5 7 8 9 1 4 6 10
255 255 255 0 255 255 1 3 10 6 4 5 9 8 7 2
10 9 255 255 6 8 255 255 4 7 2 255 1 5 3 0
3 1 10 255 5 4 9 255 0 7 8 255 2 255 6 255
2 255 255 255 3 0 255 255 5 7 8 9 1 4 6 10
255 255 255 0 255 255 1 3 10 6 4 5 9 8 7 2
10 9 255 255 6 8 255 255 4 7 2 255 1 5 3 0
3 1 10 255 5 4 9 255 0 7 8 255 2 255 6 255
2 255 255 255 3 0 255 255 5 7 8 9 1 4 6 10
255 255 255 0 255 255 1 3 10 6 4 5 9 8 7 2
10 9 255 255 6 8 255 255 4 7 2 255 1 5 3 0
3 1 10 255 5 4 9 255 0 7 8 255 2 255 6 255
2 255 255 255 3 0 255 255 5 7 8 9 1 4 6 10
255 255 255 0 255 255 1 3 10 6 4 5 9 8 7 2
10 9 255 255 6 8 255 255 4 7 2 255 1 5 3 0
3 1 10 255 5 4 9 255 0 7 8 255 2 255 6 255
2 255 255 255 3 0 255 255 5 7 8 9 1 4 6 10
2 3 5 1 255 0 10 4 255 255 9 7 255 6 8 255
2 0 5 3 255 1 4 7 255 255 6 8 255 255 10 9
9 10 255 255 8 6 255 255 7 4 1 255 2 5 3 0
255 255 255 255 10 9 2 255 6 8 5 3 4 7 1 0
2 3 5 1 255 0 10 4 255 255 9 7 255 6 8 255
2 0 5 3 255 1 4 7 255 255 6 8 255 255 10 9
9 10 255 255 8 6 255 255 7 4 1 255 2 5 3 0
255 255 255 255 10 9 2 255 6 8 5 3 4 7 1 0
2 3 5 1 255 0 10 4 255 255 9 7 255 6 8 255
2 0 5 3 255 1 4 7 255 255 6 8 255 255 10 9
9 10 255 255 8 6 255 255 7 4 1 255 2 5 3 0
255 255 255 255 10 9 2 255 6 8 5 3 4 7 1 0
2 3 5 1 255 0 10 4 255 255 9 7 255 6 8 255
2 0 5 3 255 1 4 7 255 255 6 8 255 255 10 9
9 10 255 255 8 6 255 255 7 4 1 255 2 5 3 0
255 255 255 255 10 9 2 255 6 8 5 3 4 7 1 0
2 3 5 1 255 0 10 4 255 255 9 7 255 6 8 255
2 0 5 3 255 1 4 7 255 255 6 8 255 255 10 9
9 10 255 255 8 6 255 255 7 4 1 255 2 5 3 0
255 255 255 255 10 9 2 255 6 8 5 3 4 7 1 0
2 3 5 1 255 0 10 4 255 255 9 7 255 6 8 255
2 0 5 3 255 1 4 7 255 255 6 8 255 255 10 9
9 10 255 255 8 6 255 255 7 4 1 255 2 5 3 0
255 255 255 255 10 9 2 255 6 8 5 3 4 7 1 0
2 3 5 1 255 0 10 4 255 255 9 7 255 6 8 255
2 0 5 3 255 1 4 7 255 255 6 8 255 255 10 9
9 10 255 255 8 6 255 255 7 4 1 255 2 5 3 0
255 255 255 255 10 9 2 255 6 8 5 3 4 7 1 0
2 3 5 1 255 0 10 4 255 255 9 7 255 6 8 255
2 0 5 3 255 1 4 7 255 255 6 8 255 255 10 9
9 10 255 255 8 6 255 255 7 4 1 255 2 5 3 0
255 255 255 255 10 9 2 255 6 8 5 3 4 7 1 0
255 10 6 4 255 9 8 7 255 2 5 1 255 255 3 0
255 255 2 255 0 3 5 1 255 10 9 4 255 6 8 7
0 255 255 255 3 1 255 255 5 4 6 10 2 7 8 9
9 10 255 255 8 6 255 255 7 4 1 255 2 5 3 0
255 10 6 4 255 9 8 7 255 2 5 1 255 255 3 0
255 255 2 255 0 3 5 1 255 10 9 4 255 6 8 7
0 255 255 255 3 1 255 255 5 4 6 10 2 7 8 9
9 10 255 255 8 6 255 255 7 4 1 255 2 5 3 0
255 10 6 4 255 9 8 7 255 2 5 1 255 255 3 0
255 255 2 255 0 3 5 1 255 10 9 4 255 6 8 7
0 255 255 255 3 1 255 255 5 4 6 10 2 7 8 9
9 10 255 255 8 6 255 255 7 4 1 255 2 5 3 0
255 10 6 4 255 9 8 7 255 2 5 1 255 255 3 0
255 255 2 255 0 3 5 1 255 10 9 4 255 6 8 7
0 255 255 255 3 1 255 255 5 4 6 10 2 7 8 9
9 10 255 255 8 6 255 255 7 4 1 255 2 5 3 0
255 10 6 4 255 9 8 7 255 2 5 1 255 255 3 0
255 255 2 255 0 3 5 1 255 10 9 4 255 6 8 7
0 255 255 255 3 1 255 255 5 4 6 10 2 7 8 9
9 10 255 255 8 6 255 255 7 4 1 255 2 5 3 0
255 10 6 4 255 9 8 7 255 2 5 1 255 255 3 0
255 255 2 255 0 3 5 1 255 10 9 4 255 6 8 7
0 255 255 255 3 1 255 255 5 4 6 10 2 7 8 9
9 10 255 255 8 6 255 255 7 4 1 255 2 5 3 0
255 10 6 4 255 9 8 7 255 2 5 1 255 255 3 0
255 255 2 255 0 3 5 1 255 10 9 4 255 6 8 7
0 255 255 255 3 1 255 255 5 4 6 10 2 7 8 9
9 10 255 255 8 6 255 255 7 4 1 255 2 5 3 0
255 10 6 4 255 9 8 7 255 2 5 1 255 255 3 0
255 255 2 255 0 3 5 1 255 10 9 4 255 6 8 7
0 255 255 255 3 1 255 255 5 4 6 10 2 7 8 9
9 10 255 255 8 6 255 255 7 4 1 255 2 5 3 0
255 255 3 0 255 2 5 1 255 10 6 4 255 9 8 7
255 10 9 255 255 6 8 255 1 4 7 255 3 5 0 2
0 3 1 10 255 5 4 9 255 2 7 8 255 255 255 6
255 255 255 255 255 2 3 0 9 10 5 1 8 6 7 4
255 255 3 0 255 2 5 1 255 10 6 4 255 9 8 7
255 10 9 255 255 6 8 255 1 4 7 255 3 5 0 2
0 3 1 10 255 5 4 9 255 2 7 8 255 255 255 6
255 255 255 255 255 2 3 0 9 10 5 1 8 6 7 4
255 255 3 0 255 2 5 1 255 10 6 4 255 9 8 7
255 10 9 255 255 6 8 255 1 4 7 255 3 5 0 2
0 3 1 10 255 5 4 9 255 2 7 8 255 255 255 6
255 255 255 255 255 2 3 0 9 10 5 1 8 6 7 4
255 255 3 0 255 2 5 1 255 10 6 4 255 9 8 7
255 10 9 255 255 6 8 255 1 4 7 255 3 5 0 2
0 3 1 10 255 5 4 9 255 2 7 8 255 255 255 6
255 255 255 255 255 2 3 0 9 10 5 1 8 6 7 4
255 255 3 0 255 2 5 1 255 10 6 4 255 9 8 7
255 10 9 255 255 6 8 255 1 4 7 255 3 5 0 2
0 3 1 10 255 5 4 9 255 2 7 8 255 255 255 6
255 255 255 255 255 2 3 0 9 10 5 1 8 6 7 4
255 255 3 0 255 2 5 1 255 10 6 4 255 9 8 7
255 10 9 255 255 6 8 255 1 4 7 255 3 5 0 2
0 3 1 10 255 5 4 9 255 2 7 8 255 255 255 6
255 255 255 255 255 2 3 0 9 10 5 1 8 6 7 4
255 255 3 0 255 2 5 1 255 10 6 4 255 9 8 7
255 10 9 255 255 6 8 255 1 4 7 255 3 5 0 2
0 3 1 10 255 5 4 9 255 2 7 8 255 255 255 6
255 255 255 255 255 2 3 0 9 10 5 1 8 6 7 4
255 255 3 0 255 2 5 1 255 10 6 4 255 9 8 7
255 10 9 255 255 6 8 255 1 4 7 255 3 5 0 2
0 3 1 10 255 5 4 9 255 2 7 8 255 255 255 6
255 255 255 255 255 2 3 0 9 10 5 1 8 6 7 4
255 255 3 0 255 2 5 1 255 10 6 4 255 9 8 7
255 10 9 255 255 6 8 255 1 4 7 255 3 5 0 2
0 3 1 10 255 5 4 9 255 2 7 8 255 255 255 6
255 255 255 255 255 2 3 0 9 10 5 1 8 6 7 4
255 255 3 0 255 2 5 1 255 10 6 4 255 9 8 7
255 10 9 255 255 6 8 255 1 4 7 255 3 5 0 2
0 3 1 10 255 5 4 9 255 2 7 8 255 255 255 6
255 255 255 255 255 2 3 0 9 10 5 1 8 6 7 4
255 255 3 0 255 2 5 1 255 10 6 4 255 9 8 7
255 10 9 255 255 6 8 255 1 4 7 255 3 5 0 2
0 3 1 10 255 5 4 9 255 2 7 8 255 255 255 6
255 255 255 255 255 2 3 0 9 10 5 1 8 6 7 4
255 255 3 0 255 2 5 1 255 10 6 4 255 9 8 7
255 10 9 255 255 6 8 255 1 4 7 255 3 5 0 2
0 3 1 10 255 5 4 9 255 2 7 8 255 255 255 6
255 255 255 255 255 2 3 0 9 10 5 1 8 6 7 4
255 255 3 0 255 2 5 1 255 10 6 4 255 9 8 7
255 10 9 255 255 6 8 255 1 4 7 255 3 5 0 2
0 3 1 10 255 5 4 9 255 2 7 8 255 255 255 6
255 255 255 255 255 2 3 0 9 10 5 1 8 6 7 4
255 255 3 0 255 2 5 1 255 10 6 4 255 9 8 7
255 10 9 255 255 6 8 255 1 4 7 255 3 5 0 2
0 3 1 10 255 5 4 9 255 2 7 8 255 255 255 6
255 255 255 255 255 2 3 0 9 10 5 1 8 6 7 4
255 255 3 0 255 2 5 1 255 10 6 4 255 9 8 7
255 10 9 255 255 6 8 255 1 4 7 255 3 5 0 2
0 3 1 10 255 5 4 9 255 2 7 8 255 255 255 6
255 255 255 255 255 2 3 0 9 10 5 1 8 6 7 4
255 255 3 0 255 2 5 1 255 10 6 4 255 9 8 7
255 10 9 255 255 6 8 255 1 4 7 255 3 5 0 2
0 3 1 10 255 5 4 9 255 2 7 8 255 255 255 6
255 255 255 255 255 2 3 0 9 10 5 1 8 6 7 4
255 10 6 4 255 9 8 7 255 2 5 1 255 255 3 0
255 255 2 255 0 3 5 1 255 10 9 4 255 6 8 7
0 255 255 255 3 1 255 255 5 4 6 10 2 7 8 9
9 10 255 255 8 6 255 255 7 4 1 255 2 5 3 0
255 10 6 4 255 9 8 7 255 2 5 1 255 255 3 0
255 255 2 255 0 3 5 1 255 10 9 4 255 6 8 7
0 255 255 255 3 1 255 255 5 4 6 10 2 7 8 9
9 10 255 255 8 6 255 255 7 4 1 255 2 5 3 0
255 10 6 4 255 9 8 7 255 2 5 1 255 255 3 0
255 255 2 255 0 3 5 1 255 10 9 4 255 6 8 7
0 255 255 255 3 1 255 255 5 4 6 10 2 7 8 9
9 10 255 255 8 6 255 255 7 4 1 255 2 5 3 0
255 10 6 4 255 9 8 7 255 2 5 1 255 255 3 0
255 255 2 255 0 3 5 1 255 10 9 4 255 6 8 7
0 255 255 255 3 1 255 255 5 4 6 10 2 7 8 9
9 10 255 255 8 6 255 255 7 4 1 255 2 5 3 0
255 10 6 4 255 9 8 7 255 2 5 1 255 255 3 0
255 255 2 255 0 3 5 1 255 10 9 4 255 6 8 7
0 255 255 255 3 1 255 255 5 4 6 10 2 7 8 9
9 10 255 255 8 6 255 255 7 4 1 255 2 5 3 0
255 10 6 4 255 9 8 7 255 2 5 1 255 255 3 0
255 255 2 255 0 3 5 1 255 10 9 4 255 6 8 7
0 255 255 255 3 1 255 255 5 4 6 10 2 7 8 9
9 10 255 255 8 6 255 255 7 4 1 255 2 5 3 0
255 10 6 4 255 9 8 7 255 2 5 1 255 255 3 0
255 255 2 255 0 3 5 1 255 10 9 4 255 6 8 7
0 255 255 255 3 1 255 255 5 4 6 10 2 7 8 9
9 10 255 255 8 6 255 255 7 4 1 255 2 5 3 0
255 10 6 4 255 9 8 7 255 2 5 1 255 255 3 0
255 255 2 255 0 3 5 1 255 10 9 4 255 6 8 7
0 255 255 255 3 1 255 255 5 4 6 10 2 7 8 9
9 10 255 255 8 6 255 255 7 4 1 255 2 5 3 0
10 4 2 5 9 7 1 3 8 255 255 0 6 255 255 255
255 2 255 255 1 5 3 0 4 9 10 255 7 8 6 255
0 255 255 255 3 1 255 255 5 4 10 6 2 7 9 8
255 255 10 9 255 255 6 8 255 1 4 7 0 3 5 2
10 4 2 5 9 7 1 3 8 255 255 0 6 255 255 255
255 2 255 255 1 5 3 0 4 9 10 255 7 8 6 255
0 255 255 255 3 1 255 255 5 4 10 6 2 7 9 8
255 255 10 9 255 255 6 8 255 1 4 7 0 3 5 2
10 4 2 5 9 7 1 3 8 255 255 0 6 255 255 255
255 2 255 255 1 5 3 0 4 9 10 255 7 8 6 255
0 255 255 255 3 1 255 255 5 4 10 6 2 7 9 8
255 255 10 9 255 255 6 8 255 1 4 7 0 3 5 2
10 4 2 5 9 7 1 3 8 255 255 0 6 255 255 255
255 2 255 255 1 5 3 0 4 9 10 255 7 8 6 255
0 255 255 255 3 1 255 255 5 4 10 6 2 7 9 8
255 255 10 9 255 255 6 8 255 1 4 7 0 3 5 2
10 4 2 5 9 7 1 3 8 255 255 0 6 255 255 255
255 2 255 255 1 5 3 0 4 9 10 255 7 8 6 255
0 255 255 255 3 1 255 255 5 4 10 6 2 7 9 8
255 255 10 9 255 255 6 8 255 1 4 7 0 3 5 2
10 4 2 5 9 7 1 3 8 255 255 0 6 255 255 255
255 2 255 255 1 5 3 0 4 9 10 255 7 8 6 255
0 255 255 255 3 1 255 255 5 4 10 6 2 7 9 8
255 255 10 9 255 255 6 8 255 1 4 7 0 3 5 2
10 4 2 5 9 7 1 3 8 255 255 0 6 255 255 255
255 2 255 255 1 5 3 0 4 9 10 255 7 8 6 255
0 255 255 255 3 1 255 255 5 4 10 6 2 7 9 8
255 255 10 9 255 255 6 8 255 1 4 7 0 3 5 2
10 4 2 5 9 7 1 3 8 255 255 0 6 255 255 255
255 2 255 255 1 5 3 0 4 9 10 255 7 8 6 255
0 255 255 255 3 1 255 255 5 4 10 6 2 7 9 8
255 255 10 9 255 255 6 8 255 1 4 7 0 3 5 2
255 255 2 255 255 6 1 0 10 8 4 3 9 7 5 255
255 9 10 255 255 8 6 255 255 7 4 1 2 0 5 3
255 255 10 6 255 0 9 8 255 3 5 7 255 2 1 4
255 255 255 255 0 3 2 255 1 5 10 9 4 7 6 8
255 255 2 255 255 6 1 0 10 8 4 3 9 7 5 255
255 9 10 255 255 8 6 255 255 7 4 1 2 0 5 3
255 255 10 6 255 0 9 8 255 3 5 7 255 2 1 4
255 255 255 255 0 3 2 255 1 5 10 9 4 7 6 8
255 255 2 255 255 6 1 0 10 8 4 3 9 7 5 255
255 9 10 255 255 8 6 255 255 7 4 1 2 0 5 3
255 255 10 6 255 0 9 8 255 3 5 7 255 2 1 4
255 255 255 255 0 3 2 255 1 5 10 9 4 7 6 8
255 255 2 255 255 6 1 0 10 8 4 3 9 7 5 255
255 9 10 255 255 8 6 255 255 7 4 1 2 0 5 3
255 255 10 6 255 0 9 8 255 3 5 7 255 2 1 4
255 255 255 255 0 3 2 255 1 5 10 9 4 7 6 8
255 255 2 255 255 6 1 0 10 8 4 3 9 7 5 255
255 9 10 255 255 8 6 255 255 7 4 1 2 0 5 3
255 255 10 6 255 0 9 8 255 3 5 7 255 2 1 4
255 255 255 255 0 3 2 255 1 5 10 9 4 7 6 8
255 255 2 255 255 6 1 0 10 8 4 3 9 7 5 255
255 9 10 255 255 8 6 255 255 7 4 1 2 0 5 3
255 255 10 6 255 0 9 8 255 3 5 7 255 2 1 4
255 255 255 255 0 3 2 255 1 5 10 9 4 7 6 8
255 255 2 255 255 6 1 0 10 8 4 3 9 7 5 255
255 9 10 255 255 8 6 255 255 7 4 1 2 0 5 3
255 255 10 6 255 0 9 8 255 3 5 7 255 2 1 4
255 255 255 255 0 3 2 255 1 5 10 9 4 7 6 8
255 255 2 255 255 6 1 0 10 8 4 3 9 7 5 255
255 9 10 255 255 8 6 255 255 7 4 1 2 0 5 3
255 255 10 6 255 0 9 8 255 3 5 7 255 2 1 4
255 255 255 255 0 3 2 255 1 5 10 9 4 7 6 8
255 255 255 0 255 255 1 3 10 6 4 5 9 8 7 2
10 9 255 255 6 8 255 255 4 7 2 255 1 5 3 0
3 1 10 255 5 4 9 255 0 7 8 255 2 255 6 255
2 255 255 255 3 0 255 255 5 7 8 9 1 4 6 10
255 255 255 0 255 255 1 3 10 6 4 5 9 8 7 2
10 9 255 255 6 8 255 255 4 7 2 255 1 5 3 0
3 1 10 255 5 4 9 255 0 7 8 255 2 255 6 255
2 255 255 255 3 0 255 255 5 7 8 9 1 4 6 10
255 255 255 0 255 255 1 3 10 6 4 5 9 8 7 2
10 9 255 255 6 8 255 255 4 7 2 255 1 5 3 0
3 1 10 255 5 4 9 255 0 7 8 255 2 255 6 255
2 255 255 255 3 0 255 255 5 7 8 9 1 4 6 10
255 255 255 0 255 255 1 3 10 6 4 5 9 8 7 2
10 9 255 255 6 8 255 255 4 7 2 255 1 5 3 0
3 1 10 255 5 4 9 255 0 7 8 255 2 255 6 255
2 255 255 255 3 0 255 255 5 7 8 9 1 4 6 10
255 255 255 0 255 255 1 3 10 6 4 5 9 8 7 2
10 9 255 255 6 8 255 255 4 7 2 255 1 5 3 0
3 1 10 255 5 4 9 255 0 7 8 255 2 255 6 255
2 255 255 255 3 0 255 255 5 7 8 9 1 4 6 10
255 255 255 0 255 255 1 3 10 6 4 5 9 8 7 2
10 9 255 255 6 8 255 255 4 7 2 255 1 5 3 0
3 1 10 255 5 4 9 255 0 7 8 255 2 255 6 255
2 255 255 255 3 0 255 255 5 7 8 9 1 4 6 10
255 255 255 0 255 255 1 3 10 6 4 5 9 8 7 2
10 9 255 255 6 8 255 255 4 7 2 255 1 5 3 0
3 1 10 255 5 4 9 255 0 7 8 255 2 255 6 255
2 255 255 255 3 0 255 255 5 7 8 9 1 4 6 10
255 255 255 0 255 255 1 3 10 6 4 5 9 8 7 2
10 9 255 255 6 8 255 255 4 7 2 255 1 5 3 0
3 1 10 255 5 4 9 255 0 7 8 255 2 255 6 255
2 255 255 255 3 0 255 255 5 7 8 9 1 4 6 10
255 255 255 255 9 8 7 2 10 6 4 5 255 0 1 3
255 2 1 5 255 10 4 3 255 9 7 0 6 8 255 255
255 255 255 0 255 2 5 3 255 7 4 1 6 8 9 10
3 7 8 9 5 4 6 10 0 1 255 255 2 255 255 255
255 255 255 255 9 8 7 2 10 6 4 5 255 0 1 3
255 2 1 5 255 10 4 3 255 9 7 0 6 8 255 255
255 255 255 0 255 2 5 3 255 7 4 1 6 8 9 10
3 7 8 9 5 4 6 10 0 1 255 255 2 255 255 255
255 255 255 255 9 8 7 2 10 6 4 5 255 0 1 3
255 2 1 5 255 10 4 3 255 9 7 0 6 8 255 255
255 255 255 0 255 2 5 3 255 7 4 1 6 8 9 10
3 7 8 9 5 4 6 10 0 1 255 255 2 255 255 255
255 255 255 255 9 8 7 2 10 6 4 5 255 0 1 3
255 2 1 5 255 10 4 3 255 9 7 0 6 8 255 255
255 255 255 0 255 2 5 3 255 7 4 1 6 8 9 10
3 7 8 9 5 4 6 10 0 1 255 255 2 255 255 255
255 255 255 255 9 8 7 2 10 6 4 5 255 0 1 3
255 2 1 5 255 10 4 3 255 9 7 0 6 8 255 255
255 255 255 0 255 2 5 3 255 7 4 1 6 8 9 10
3 7 8 9 5 4 6 10 0 1 255 255 2 255 255 255
255 255 255 255 9 8 7 2 10 6 4 5 255 0 1 3
255 2 1 5 255 10 4 3 255 9 7 0 6 8 255 255
255 255 255 0 255 2 5 3 255 7 4 1 6 8 9 10
3 7 8 9 5 4 6 10 0 1 255 255 2 255 255 255
255 255 255 255 9 8 7 2 10 6 4 5 255 0 1 3
255 2 1 5 255 10 4 3 255 9 7 0 6 8 255 255
255 255 255 0 255 2 5 3 255 7 4 1 6 8 9 10
3 7 8 9 5 4 6 10 0 1 255 255 2 255 255 255
255 255 255 255 9 8 7 2 10 6 4 5 255 0 1 3
255 2 1 5 255 10 4 3 255 9 7 0 6 8 255 255
255 255 255 0 255 2 5 3 255 7 4 1 6 8 9 10
3 7 8 9 5 4 6 10 0 1 255 255 2 255 255 255
255 255 255 255 255 0 3 2 10 9 5 1 6 8 7 4
0 3 2 255 1 5 255 255 4 6 10 255 7 8 9 255
2 7 8 9 5 4 6 10 3 1 255 255 0 255 255 255
10 6 4 1 9 8 7 5 255 255 2 3 255 255 255 0
255 255 255 255 255 0 3 2 10 9 5 1 6 8 7 4
0 3 2 255 1 5 255 255 4 6 10 255 7 8 9 255
2 7 8 9 5 4 6 10 3 1 255 255 0 255 255 255
10 6 4 1 9 8 7 5 255 255 2 3 255 255 255 0
255 255 255 255 255 0 3 2 10 9 5 1 6 8 7 4
0 3 2 255 1 5 255 255 4 6 10 255 7 8 9 255
2 7 8 9 5 4 6 10 3 1 255 255 0 255 255 255
10 6 4 1 9 8 7 5 255 255 2 3 255 255 255 0
255 255 255 255 255 0 3 2 10 9 5 1 6 8 7 4
0 3 2 255 1 5 255 255 4 6 10 255 7 8 9 255
2 7 8 9 5 4 6 10 3 1 255 255 0 255 255 255
10 6 4 1 9 8 7 5 255 255 2 3 255 255 255 0
255 255 255 255 255 0 3 2 10 9 5 1 6 8 7 4
0 3 2 255 1 5 255 255 4 6 10 255 7 8 9 255
2 7 8 9 5 4 6 10 3 1 255 255 0 255 255 255
10 6 4 1 9 8 7 5 255 255 2 3 255 255 255 0
255 255 255 255 255 0 3 2 10 9 5 1 6 8 7 4
0 3 2 255 1 5 255 255 4 6 10 255 7 8 9 255
2 7 8 9 5 4 6 10 3 1 255 255 0 255 255 255
10 6 4 1 9 8 7 5 255 255 2 3 255 255 255 0
255 255 255 255 255 0 3 2 10 9 5 1 6 8 7 4
0 3 2 255 1 5 255 255 4 6 10 255 7 8 9 255
2 7 8 9 5 4 6 10 3 1 255 255 0 255 255 255
10 6 4 1 9 8 7 5 255 255 2 3 255 255 255 0
255 255 255 255 255 0 3 2 10 9 5 1 6 8 7 4
0 3 2 255 1 5 255 255 4 6 10 255 7 8 9 255
2 7 8 9 5 4 6 10 3 1 255 255 0 255 255 255
10 6 4 1 9 8 7 5 255 255 2 3 255 255 255 0
10 9 255 255 6 8 255 255 4 7 2 255 1 5 3 0
3 1 10 255 5 4 9 255 0 7 8 255 2 255 6 255
2 255 255 255 3 0 255 255 5 7 8 9 1 4 6 10
255 255 255 0 255 255 1 3 10 6 4 5 9 8 7 2
10 9 255 255 6 8 255 255 4 7 2 255 1 5 3 0
3 1 10 255 5 4 9 255 0 7 8 255 2 255 6 255
2 255 255 255 3 0 255 255 5 7 8 9 1 4 6 10
255 255 255 0 255 255 1 3 10 6 4 5 9 8 7 2
10 9 255 255 6 8 255 255 4 7 2 255 1 5 3 0
3 1 10 255 5 4 9 255 0 7 8 255 2 255 6 255
2 255 255 255 3 0 255 255 5 7 8 9 1 4 6 10
255 255 255 0 255 255 1 3 10 6 4 5 9 8 7 2
10 9 255 255 6 8 255 255 4 7 2 255 1 5 3 0
3 1 10 255 5 4 9 255 0 7 8 255 2 255 6 255
2 255 255 255 3 0 255 255 5 7 8 9 1 4 6 10
255 255 255 0 255 255 1 3 10 6 4 5 9 8 7 2
10 9 255 255 6 8 255 255 4 7 2 255 1 5 3 0
3 1 10 255 5 4 9 255 0 7 8 255 2 255 6 255
2 255 255 255 3 0 255 255 5 7 8 9 1 4 6 10
255 255 255 0 255 255 1 3 10 6 4 5 9 8 7 2
10 9 255 255 6 8 255 255 4 7 2 255 1 5 3 0
3 1 10 255 5 4 9 255 0 7 8 255 2 255 6 255
2 255 255 255 3 0 255 255 5 7 8 9 1 4 6 10
255 255 255 0 255 255 1 3 10 6 4 5 9 8 7 2
10 9 255 255 6 8 255 255 4 7 2 255 1 5 3 0
3 1 10 255 5 4 9 255 0 7 8 255 2 255 6 255
2 255 255 255 3 0 255 255 5 7 8 9 1 4 6 10
255 255 255 0 255 255 1 3 10 6 4 5 9 8 7 2
10 9 255 255 6 8 255 255 4 7 2 255 1 5 3 0
3 1 10 255 5 4 9 255 0 7 8 255 2 255 6 255
2 255 255 255 3 0 255 255 5 7 8 9 1 4 6 10
255 255 255 0 255 255 1 3 10 6 4 5 9 8 7 2
255 9 10 255 255 8 6 255 255 7 4 1 2 0 5 3
255 255 10 6 255 0 9 8 255 3 5 7 255 2 1 4
255 255 255 255 0 3 2 255 1 5 10 9 4 7 6 8
255 255 2 255 255 6 1 0 10 8 4 3 9 7 5 255
255 9 10 255 255 8 6 255 255 7 4 1 2 0 5 3
255 255 10 6 255 0 9 8 255 3 5 7 255 2 1 4
255 255 255 255 0 3 2 255 1 5 10 9 4 7 6 8
255 255 2 255 255 6 1 0 10 8 4 3 9 7 5 255
255 9 10 255 255 8 6 255 255 7 4 1 2 0 5 3
255 255 10 6 255 0 9 8 255 3 5 7 255 2 1 4
255 255 255 255 0 3 2 255 1 5 10 9 4 7 6 8
255 255 2 255 255 6 1 0 10 8 4 3 9 7 5 255
255 9 10 255 255 8 6 255 255 7 4 1 2 0 5 3
255 255 10 6 255 0 9 8 255 3 5 7 255 2 1 4
255 255 255 255 0 3 2 255 1 5 10 9 4 7 6 8
255 255 2 255 255 6 1 0 10 8 4 3 9 7 5 255
255 9 10 255 255 8 6 255 255 7 4 1 2 0 5 3
255 255 10 6 255 0 9 8 255 3 5 7 255 2 1 4
255 255 255 255 0 3 2 255 1 5 10 9 4 7 6 8
255 255 2 255 255 6 1 0 10 8 4 3 9 7 5 255
255 9 10 255 255 8 6 255 255 7 4 1 2 0 5 3
255 255 10 6 255 0 9 8 255 3 5 7 255 2 1 4
255 255 255 255 0 3 2 255 1 5 10 9 4 7 6 8
255 255 2 255 255 6 1 0 10 8 4 3 9 7 5 255
255 9 10 255 255 8 6 255 255 7 4 1 2 0 5 3
255 255 10 6 255 0 9 8 255 3 5 7 255 2 1 4
255 255 255 255 0 3 2 255 1 5 10 9 4 7 6 8
255 255 2 255 255 6 1 0 10 8 4 3 9 7 5 255
255 9 10 255 255 8 6 255 255 7 4 1 2 0 5 3
255 255 10 6 255 0 9 8 255 3 5 7 255 2 1 4
255 255 255 255 0 3 2 255 1 5 10 9 4 7 6 8
255 255 2 255 255 6 1 0 10 8 4 3 9 7 5 255
255 2 255 255 1 5 3 0 4 9 10 255 7 8 6 255
0 255 255 255 3 1 255 255 5 4 10 6 2 7 9 8
255 255 10 9 255 255 6 8 255 1 4 7 0 3 5 2
10 4 2 5 9 7 1 3 8 255 255 0 6 255 255 255
255 2 255 255 1 5 3 0 4 9 10 255 7 8 6 255
0 255 255 255 3 1 255 255 5 4 10 6 2 7 9 8
255 255 10 9 255 255 6 8 255 1 4 7 0 3 5 2
10 4 2 5 9 7 1 3 8 255 255 0 6 255 255 255
255 2 255 255 1 5 3 0 4 9 10 255 7 8 6 255
0 255 255 255 3 1 255 255 5 4 10 6 2 7 9 8
255 255 10 9 255 255 6 8 255 1 4 7 0 3 5 2
10 4 2 5 9 7 1 3 8 255 255 0 6 255 255 255
255 2 255 255 1 5 3 0 4 9 10 255 7 8 6 255
0 255 255 255 3 1 255 255 5 4 10 6 2 7 9 8
255 255 10 9 255 255 6 8 255 1 4 7 0 3 5 2
10 4 2 5 9 7 1 3 8 255 255 0 6 255 255 255
255 2 255 255 1 5 3 0 4 9 10 255 7 8 6 255
0 255 255 255 3 1 255 255 5 4 10 6 2 7 9 8
255 255 10 9 255 255 6 8 255 1 4 7 0 3 5 2
10 4 2 5 9 7 1 3 8 255 255 0 6 255 255 255
255 2 255 255 1 5 3 0 4 9 10 255 7 8 6 255
0 255 255 255 3 1 255 255 5 4 10 6 2 7 9 8
255 255 10 9 255 255 6 8 255 1 4 7 0 3 5 2
10 4 2 5 9 7 1 3 8 255 255 0 6 255 255 255
255 2 255 255 1 5 3 0 4 9 10 255 7 8 6 255
0 255 255 255 3 1 255 255 5 4 10 6 2 7 9 8
255 255 10 9 255 255 6 8 255 1 4 7 0 3 5 2
10 4 2 5 9 7 1 3 8 255 255 0 6 255 255 255
255 2 255 255 1 5 3 0 4 9 10 255 7 8 6 255
0 255 255 255 3 1 255 255 5 4 10 6 2 7 9 8
255 255 10 9 255 255 6 8 255 1 4 7 0 3 5 2
10 4 2 5 9 7 1 3 8 255 255 0 6 255 255 255
0 3 1 10 255 5 4 9 255 2 7 8 255 255 255 6
255 255 255 2 255 255 0 3 9 8 7 5 10 6 4 1
255 255 0 3 255 255 1 5 6 10 4 2 8 9 7 255
255 255 9 10 255 255 8 6 255 2 7 4 0 3 5 1
0 3 1 10 255 5 4 9 255 2 7 8 255 255 255 6
255 255 255 2 255 255 0 3 9 8 7 5 10 6 4 1
255 255 0 3 255 255 1 5 6 10 4 2 8 9 7 255
255 255 9 10 255 255 8 6 255 2 7 4 0 3 5 1
0 3 1 10 255 5 4 9 255 2 7 8 255 255 255 6
255 255 255 2 255 255 0 3 9 8 7 5 10 6 4 1
255 255 0 3 255 255 1 5 6 10 4 2 8 9 7 255
255 255 9 10 255 255 8 6 255 2 7 4 0 3 5 1
0 3 1 10 255 5 4 9 255 2 7 8 255 255 255 6
255 255 255 2 255 255 0 3 9 8 7 5 10 6 4 1
255 255 0 3 255 255 1 5 6 10 4 2 8 9 7 255
255 255 9 10 255 255 8 6 255 2 7 4 0 3 5 1
0 3 1 10 255 5 4 9 255 2 7 8 255 255 255 6
255 255 255 2 255 255 0 3 9 8 7 5 10 6 4 1
255 255 0 3 255 255 1 5 6 10 4 2 8 9 7 255
255 255 9 10 255 255 8 6 255 2 7 4 0 3 5 1
0 3 1 10 255 5 4 9 255 2 7 8 255 255 255 6
255 255 255 2 255 255 0 3 9 8 7 5 10 6 4 1
255 255 0 3 255 255 1 5 6 10 4 2 8 9 7 255
255 255 9 10 255 255 8 6 255 2 7 4 0 3 5 1
0 3 1 10 255 5 4 9 255 2 7 8 255 255 255 6
255 255 255 2 255 255 0 3 9 8 7 5 10 6 4 1
255 255 0 3 255 255 1 5 6 10 4 2 8 9 7 255
255 255 9 10 255 255 8 6 255 2 7 4 0 3 5 1
0 3 1 10 255 5 4 9 255 2 7 8 255 255 255 6
255 255 255 2 255 255 0 3 9 8 7 5 10 6 4 1
255 255 0 3 255 255 1 5 6 10 4 2 8 9 7 255
255 255 9 10 255 255 8 6 255 2 7 4 0 3 5 1
255 255 2 255 0 3 5 1 255 10 9 4 255 6 8 7
0 255 255 255 3 1 255 255 5 4 6 10 2 7 8 9
9 10 255 255 8 6 255 255 7 4 1 255 2 5 3 0
255 10 6 4 255 9 8 7 255 2 5 1 255 255 3 0
255 255 2 255 0 3 5 1 255 10 9 4 255 6 8 7
0 255 255 255 3 1 255 255 5 4 6 10 2 7 8 9
9 10 255 255 8 6 255 255 7 4 1 255 2 5 3 0
255 10 6 4 255 9 8 7 255 2 5 1 255 255 3 0
255 255 2 255 0 3 5 1 255 10 9 4 255 6 8 7
0 255 255 255 3 1 255 255 5 4 6 10 2 7 8 9
9 10 255 255 8 6 255 255 7 4 1 255 2 5 3 0
255 10 6 4 255 9 8 7 255 2 5 1 255 255 3 0
255 255 2 255 0 3 5 1 255 10 9 4 255 6 8 7
0 255 255 255 3 1 255 255 5 4 6 10 2 7 8 9
9 10 255 255 8 6 255 255 7 4 1 255 2 5 3 0
255 10 6 4 255 9 8 7 255 2 5 1 255 255 3 0
255 255 2 255 0 3 5 1 255 10 9 4 255 6 8 7
0 255 255 255 3 1 255 255 5 4 6 10 2 7 8 9
9 10 255 255 8 6 255 255 7 4 1 255 2 5 3 0
255 10 6 4 255 9 8 7 255 2 5 1 255 255 3 0
255 255 2 255 0 3 5 1 255 10 9 4 255 6 8 7
0 255 255 255 3 1 255 255 5 4 6 10 2 7 8 9
9 10 255 255 8 6 255 255 7 4 1 255 2 5 3 0
255 10 6 4 255 9 8 7 255 2 5 1 255 255 3 0
255 255 2 255 0 3 5 1 255 10 9 4 255 6 8 7
0 255 255 255 3 1 255 255 5 4 6 10 2 7 8 9
9 10 255 255 8 6 255 255 7 4 1 255 2 5 3 0
255 10 6 4 255 9 8 7 255 2 5 1 255 255 3 0
255 255 2 255 0 3 5 1 255 10 9 4 255 6 8 7
0 255 255 255 3 1 255 255 5 4 6 10 2 7 8 9
9 10 255 255 8 6 255 255 7 4 1 255 2 5 3 0
255 10 6 4 255 9 8 7 255 2 5 1 255 255 3 0
3 5 0 2 7 4 1 255 8 6 255 255 9 10 255 255
8 9 7 5 6 10 4 3 255 255 1 0 255 255 255 2
255 255 255 255 255 2 9 10 3 5 8 6 0 1 7 4
0 3 1 255 255 5 4 10 255 2 7 9 255 255 6 8
3 5 0 2 7 4 1 255 8 6 255 255 9 10 255 255
8 9 7 5 6 10 4 3 255 255 1 0 255 255 255 2
255 255 255 255 255 2 9 10 3 5 8 6 0 1 7 4
0 3 1 255 255 5 4 10 255 2 7 9 255 255 6 8
3 5 0 2 7 4 1 255 8 6 255 255 9 10 255 255
8 9 7 5 6 10 4 3 255 255 1 0 255 255 255 2
255 255 255 255 255 2 9 10 3 5 8 6 0 1 7 4
0 3 1 255 255 5 4 10 255 2 7 9 255 255 6 8
3 5 0 2 7 4 1 255 8 6 255 255 9 10 255 255
8 9 7 5 6 10 4 3 255 255 1 0 255 255 255 2
255 255 255 255 255 2 9 10 3 5 8 6 0 1 7 4
0 3 1 255 255 5 4 10 255 2 7 9 255 255 6 8
3 5 0 2 7 4 1 255 8 6 255 255 9 10 255 255
8 9 7 5 6 10 4 3 255 255 1 0 255 255 255 2
255 255 255 255 255 2 9 10 3 5 8 6 0 1 7 4
0 3 1 255 255 5 4 10 255 2 7 9 255 255 6 8
3 5 0 2 7 4 1 255 8 6 255 255 9 10 255 255
8 9 7 5 6 10 4 3 255 255 1 0 255 255 255 2
255 255 255 255 255 2 9 10 3 5 8 6 0 1 7 4
0 3 1 255 255 5 4 10 255 2 7 9 255 255 6 8
3 5 0 2 7 4 1 255 8 6 255 255 9 10 255 255
8 9 7 5 6 10 4 3 255 255 1 0 255 255 255 2
255 255 255 255 255 2 9 10 3 5 8 6 0 1 7 4
0 3 1 255 255 5 4 10 255 2 7 9 255 255 6 8
3 5 0 2 7 4 1 255 8 6 255 255 9 10 255 255
8 9 7 5 6 10 4 3 255 255 1 0 255 255 255 2
255 255 255 255 255 2 9 10 3 5 8 6 0 1 7 4
0 3 1 255 255 5 4 10 255 2 7 9 255 255 6 8
3 7 8 9 5 4 6 10 0 1 255 255 2 255 255 255
255 255 255 255 9 10 2 255 8 6 5 3 7 4 1 0
0 3 5 1 2 10 6 4 255 9 8 7 255 255 255 255
0 255 255 255 3 5 2 255 1 4 7 6 255 10 9 8
3 7 8 9 5 4 6 10 0 1 255 255 2 255 255 255
255 255 255 255 9 10 2 255 8 6 5 3 7 4 1 0
0 3 5 1 2 10 6 4 255 9 8 7 255 255 255 255
0 255 255 255 3 5 2 255 1 4 7 6 255 10 9 8
3 7 8 9 5 4 6 10 0 1 255 255 2 255 255 255
255 255 255 255 9 10 2 255 8 6 5 3 7 4 1 0
0 3 5 1 2 10 6 4 255 9 8 7 255 255 255 255
0 255 255 255 3 5 2 255 1 4 7 6 255 10 9 8
3 7 8 9 5 4 6 10 0 1 255 255 2 255 255 255
255 255 255 255 9 10 2 255 8 6 5 3 7 4 1 0
0 3 5 1 2 10 6 4 255 9 8 7 255 255 255 255
0 255 255 255 3 5 2 255 1 4 7 6 255 10 9 8
3 7 8 9 5 4 6 10 0 1 255 255 2 255 255 255
255 255 255 255 9 10 2 255 8 6 5 3 7 4 1 0
0 3 5 1 2 10 6 4 255 9 8 7 255 255 255 255
0 255 255 255 3 5 2 255 1 4 7 6 255 10 9 8
3 7 8 9 5 4 6 10 0 1 255 255 2 255 255 255
255 255 255 255 9 10 2 255 8 6 5 3 7 4 1 0
0 3 5 1 2 10 6 4 255 9 8 7 255 255 255 255
0 255 255 255 3 5 2 255 1 4 7 6 255 10 9 8
3 7 8 9 5 4 6 10 0 1 255 255 2 255 255 255
255 255 255 255 9 10 2 255 8 6 5 3 7 4 1 0
0 3 5 1 2 10 6 4 255 9 8 7 255 255 255 255
0 255 255 255 3 5 2 255 1 4 7 6 255 10 9 8
3 7 8 9 5 4 6 10 0 1 255 255 2 255 255 255
255 255 255 255 9 10 2 255 8 6 5 3 7 4 1 0
0 3 5 1 2 10 6 4 255 9 8 7 255 255 255 255
0 255 255 255 3 5 2 255 1 4 7 6 255 10 9 8
0 255 255 255 3 1 255 255 5 4 10 6 2 7 9 8
255 255 10 9 255 255 6 8 255 1 4 7 0 3 5 2
10 4 2 5 9 7 1 3 8 255 255 0 6 255 255 255
255 2 255 255 1 5 3 0 4 9 10 255 7 8 6 255
0 255 255 255 3 1 255 255 5 4 10 6 2 7 9 8
255 255 10 9 255 255 6 8 255 1 4 7 0 3 5 2
10 4 2 5 9 7 1 3 8 255 255 0 6 255 255 255
255 2 255 255 1 5 3 0 4 9 10 255 7 8 6 255
0 255 255 255 3 1 255 255 5 4 10 6 2 7 9 8
255 255 10 9 255 255 6 8 255 1 4 7 0 3 5 2
10 4 2 5 9 7 1 3 8 255 255 0 6 255 255 255
255 2 255 255 1 5 3 0 4 9 10 255 7 8 6 255
0 255 255 255 3 1 255 255 5 4 10 6 2 7 9 8
255 255 10 9 255 255 6 8 255 1 4 7 0 3 5 2
10 4 2 5 9 7 1 3 8 255 255 0 6 255 255 255
255 2 255 255 1 5 3 0 4 9 10 255 7 8 6 255
0 255 255 255 3 1 255 255 5 4 10 6 2 7 9 8
255 255 10 9 255 255 6 8 255 1 4 7 0 3 5 2
10 4 2 5 9 7 1 3 8 255 255 0 6 255 255 255
255 2 255 255 1 5 3 0 4 9 10 255 7 8 6 255
0 255 255 255 3 1 255 255 5 4 10 6 2 7 9 8
255 255 10 9 255 255 6 8 255 1 4 7 0 3 5 2
10 4 2 5 9 7 1 3 8 255 255 0 6 255 255 255
255 2 255 255 1 5 3 0 4 9 10 255 7 8 6 255
0 255 255 255 3 1 255 255 5 4 10 6 2 7 9 8
255 255 10 9 255 255 6 8 255 1 4 7 0 3 5 2
10 4 2 5 9 7 1 3 8 255 255 0 6 255 255 255
255 2 255 255 1 5 3 0 4 9 10 255 7 8 6 255
0 255 255 255 3 1 255 255 5 4 10 6 2 7 9 8
255 255 10 9 255 255 6 8 255 1 4 7 0 3 5 2
10 4 2 5 9 7 1 3 8 255 255 0 6 255 255 255
255 2 255 255 1 5 3 0 4 9 10 255 7 8 6 255
255 9 10 255 255 8 6 255 255 7 4 1 2 0 5 3
255 255 10 6 255 0 9 8 255 3 5 7 255 2 1 4
255 255 255 255 0 3 2 255 1 5 10 9 4 7 6 8
255 255 2 255 255 6 1 0 10 8 4 3 9 7 5 255
255 9 10 255 255 8 6 255 255 7 4 1 2 0 5 3
255 255 10 6 255 0 9 8 255 3 5 7 255 2 1 4
255 255 255 255 0 3 2 255 1 5 10 9 4 7 6 8
255 255 2 255 255 6 1 0 10 8 4 3 9 7 5 255
255 9 10 255 255 8 6 255 255 7 4 1 2 0 5 3
255 255 10 6 255 0 9 8 255 3 5 7 255 2 1 4
255 255 255 255 0 3 2 255 1 5 10 9 4 7 6 8
255 255 2 255 255 6 1 0 10 8 4 3 9 7 5 255
255 9 10 255 255 8 6 255 255 7 4 1 2 0 5 3
255 255 10 6 255 0 9 8 255 3 5 7 255 2 1 4
255 255 255 255 0 3 2 255 1 5 10 9 4 7 6 8
255 255 2 255 255 6 1 0 10 8 4 3 9 7 5 255
255 9 10 255 255 8 6 255 255 7 4 1 2 0 5 3
255 255 10 6 255 0 9 8 255 3 5 7 255 2 1 4
255 255 255 255 0 3 2 255 1 5 10 9 4 7 6 8
255 255 2 255 255 6 1 0 10 8 4 3 9 7 5 255
255 9 10 255 255 8 6 255 255 7 4 1 2 0 5 3
255 255 10 6 255 0 9 8 255 3 5 7 255 2 1 4
255 255 255 255 0 3 2 255 1 5 10 9 4 7 6 8
255 255 2 255 255 6 1 0 10 8 4 3 9 7 5 255
255 9 10 255 255 8 6 255 255 7 4 1 2 0 5 3
255 255 10 6 255 0 9 8 255 3 5 7 255 2 1 4
255 255 255 255 0 3 2 255 1 5 10 9 4 7 6 8
255 255 2 255 255 6 1 0 10 8 4 3 9 7 5 255
255 9 10 255 255 8 6 255 255 7 4 1 2 0 5 3
255 255 10 6 255 0 9 8 255 3 5 7 255 2 1 4
255 255 255 255 0 3 2 255 1 5 10 9 4 7 6 8
255 255 2 255 255 6 1 0 10 8 4 3 9 7 5 255
0 3 1 10 255 5 4 9 255 2 7 8 255 255 255 6
255 255 255 2 255 255 0 3 9 8 7 5 10 6 4 1
255 255 0 3 255 255 1 5 6 10 4 2 8 9 7 255
255 255 9 10 255 255 8 6 255 2 7 4 0 3 5 1
0 3 1 10 255 5 4 9 255 2 7 8 255 255 255 6
255 255 255 2 255 255 0 3 9 8 7 5 10 6 4 1
255 255 0 3 255 255 1 5 6 10 4 2 8 9 7 255
255 255 9 10 255 255 8 6 255 2 7 4 0 3 5 1
0 3 1 10 255 5 4 9 255 2 7 8 255 255 255 6
255 255 255 2 255 255 0 3 9 8 7 5 10 6 4 1
255 255 0 3 255 255 1 5 6 10 4 2 8 9 7 255
255 255 9 10 255 255 8 6 255 2 7 4 0 3 5 1
0 3 1 10 255 5 4 9 255 2 7 8 255 255 255 6
255 255 255 2 255 255 0 3 9 8 7 5 10 6 4 1
255 255 0 3 255 255 1 5 6 10 4 2 8 9 7 255
255 255 9 10 255 255 8 6 255 2 7 4 0 3 5 1
0 3 1 10 255 5 4 9 255 2 7 8 255 255 255 6
255 255 255 2 255 255 0 3 9 8 7 5 10 6 4 1
255 255 0 3 255 255 1 5 6 10 4 2 8 9 7 255
255 255 9 10 255 255 8 6 255 2 7 4 0 3 5 1
0 3 1 10 255 5 4 9 255 2 7 8 255 255 255 6
255 255 255 2 255 255 0 3 9 8 7 5 10 6 4 1
255 255 0 3 255 255 1 5 6 10 4 2 8 9 7 255
255 255 9 10 255 255 8 6 255 2 7 4 0 3 5 1
0 3 1 10 255 5 4 9 255 2 7 8 255 255 255 6
255 255 255 2 255 255 0 3 9 8 7 5 10 6 4 1
255 255 0 3 255 255 1 5 6 10 4 2 8 9 7 255
255 255 9 10 255 255 8 6 255 2 7 4 0 3 5 1
0 3 1 10 255 5 4 9 255 2 7 8 255 255 255 6
255 255 255 2 255 255 0 3 9 8 7 5 10 6 4 1
255 255 0 3 255 255 1 5 6 10 4 2 8 9 7 255
255 255 9 10 255 255 8 6 255 2 7 4 0 3 5 1
255 255 2 255 0 3 5 1 255 10 9 4 255 6 8 7
0 255 255 255 3 1 255 255 5 4 6 10 2 7 8 9
9 10 255 255 8 6 255 255 7 4 1 255 2 5 3 0
255 10 6 4 255 9 8 7 255 2 5 1 255 255 3 0
255 255 2 255 0 3 5 1 255 10 9 4 255 6 8 7
0 255 255 255 3 1 255 255 5 4 6 10 2 7 8 9
9 10 255 255 8 6 255 255 7 4 1 255 2 5 3 0
255 10 6 4 255 9 8 7 255 2 5 1 255 255 3 0
255 255 2 255 0 3 5 1 255 10 9 4 255 6 8 7
0 255 255 255 3 1 255 255 5 4 6 10 2 7 8 9
9 10 255 255 8 6 255 255 7 4 1 255 2 5 3 0
255 10 6 4 255 9 8 7 255 2 5 1 255 255 3 0
255 255 2 255 0 3 5 1 255 10 9 4 255 6 8 7
0 255 255 255 3 1 255 255 5 4 6 10 2 7 8 9
9 10 255 255 8 6 255 255 7 4 1 255 2 5 3 0
255 10 6 4 255 9 8 7 255 2 5 1 255 255 3 0
255 255 2 255 0 3 5 1 255 10 9 4 255 6 8 7
0 255 255 255 3 1 255 255 5 4 6 10 2 7 8 9
9 10 255 255 8 6 255 255 7 4 1 255 2 5 3 0
255 10 6 4 255 9 8 7 255 2 5 1 255 255 3 0
255 255 2 255 0 3 5 1 255 10 9 4 255 6 8 7
0 255 255 255 3 1 255 255 5 4 6 10 2 7 8 9
9 10 255 255 8 6 255 255 7 4 1 255 2 5 3 0
255 10 6 4 255 9 8 7 255 2 5 1 255 255 3 0
255 255 2 255 0 3 5 1 255 10 9 4 255 6 8 7
0 255 255 255 3 1 255 255 5 4 6 10 2 7 8 9
9 10 255 255 8 6 255 255 7 4 1 255 2 5 3 0
255 10 6 4 255 9 8 7 255 2 5 1 255 255 3 0
255 255 2 255 0 3 5 1 255 10 9 4 255 6 8 7
0 255 255 255 3 1 255 255 5 4 6 10 2 7 8 9
9 10 255 255 8 6 255 255 7 4 1 255 2 5 3 0
255 10 6 4 255 9 8 7 255 2 5 1 255 255 3 0
3 5 0 2 7 4 1 255 8 6 255 255 9 10 255 255
8 9 7 5 6 10 4 3 255 255 1 0 255 255 255 2
255 255 255 255 255 2 9 10 3 5 8 6 0 1 7 4
0 3 1 255 255 5 4 10 255 2 7 9 255 255 6 8
3 5 0 2 7 4 1 255 8 6 255 255 9 10 255 255
8 9 7 5 6 10 4 3 255 255 1 0 255 255 255 2
255 255 255 255 255 2 9 10 3 5 8 6 0 1 7 4
0 3 1 255 255 5 4 10 255 2 7 9 255 255 6 8
3 5 0 2 7 4 1 255 8 6 255 255 9 10 255 255
8 9 7 5 6 10 4 3 255 255 1 0 255 255 255 2
255 255 255 255 255 2 9 10 3 5 8 6 0 1 7 4
0 3 1 255 255 5 4 10 255 2 7 9 255 255 6 8
3 5 0 2 7 4 1 255 8 6 255 255 9 10 255 255
8 9 7 5 6 10 4 3 255 255 1 0 255 255 255 2
255 255 255 255 255 2 9 10 3 5 8 6 0 1 7 4
0 3 1 255 255 5 4 10 255 2 7 9 255 255 6 8
3 5 0 2 7 4 1 255 8 6 255 255 9 10 255 255
8 9 7 5 6 10 4 3 255 255 1 0 255 255 255 2
255 255 255 255 255 2 9 10 3 5 8 6 0 1 7 4
0 3 1 255 255 5 4 10 255 2 7 9 255 255 6 8
3 5 0 2 7 4 1 255 8 6 255 255 9 10 255 255
8 9 7 5 6 10 4 3 255 255 1 0 255 255 255 2
255 255 255 255 255 2 9 10 3 5 8 6 0 1 7 4
0 3 1 255 255 5 4 10 255 2 7 9 255 255 6 8
3 5 0 2 7 4 1 255 8 6 255 255 9 10 255 255
8 9 7 5 6 10 4 3 255 255 1 0 255 255 255 2
255 255 255 255 255 2 9 10 3 5 8 6 0 1 7 4
0 3 1 255 255 5 4 10 255 2 7 9 255 255 6 8
3 5 0 2 7 4 1 255 8 6 255 255 9 10 255 255
8 9 7 5 6 10 4 3 255 255 1 0 255 255 255 2
255 255 255 255 255 2 9 10 3 5 8 6 0 1 7 4
0 3 1 255 255 5 4 10 255 2 7 9 255 255 6 8
255 255 2 0 255 9 10 3 255 8 6 5 255 7 4 1
255 0 255 255 255 3 10 6 2 5 9 8 255 1 4 7
0 3 5 2 255 1 4 7 255 255 6 8 255 255 10 9
9 6 0 255 10 8 3 255 255 7 5 255 1 4 2 255
255 255 2 0 255 9 10 3 255 8 6 5 255 7 4 1
255 0 255 255 255 3 10 6 2 5 9 8 255 1 4 7
0 3 5 2 255 1 4 7 255 255 6 8 255 255 10 9
9 6 0 255 10 8 3 255 255 7 5 255 1 4 2 255
255 255 2 0 255 9 10 3 255 8 6 5 255 7 4 1
255 0 255 255 255 3 10 6 2 5 9 8 255 1 4 7
0 3 5 2 255 1 4 7 255 255 6 8 255 255 10 9
9 6 0 255 10 8 3 255 255 7 5 255 1 4 2 255
255 255 2 0 255 9 10 3 255 8 6 5 255 7 4 1
255 0 255 255 255 3 10 6 2 5 9 8 255 1 4 7
0 3 5 2 255 1 4 7 255 255 6 8 255 255 10 9
9 6 0 255 10 8 3 255 255 7 5 255 1 4 2 255
255 255 2 0 255 9 10 3 255 8 6 5 255 7 4 1
255 0 255 255 255 3 10 6 2 5 9 8 255 1 4 7
0 3 5 2 255 1 4 7 255 255 6 8 255 255 10 9
9 6 0 255 10 8 3 255 255 7 5 255 1 4 2 255
255 255 2 0 255 9 10 3 255 8 6 5 255 7 4 1
255 0 255 255 255 3 10 6 2 5 9 8 255 1 4 7
0 3 5 2 255 1 4 7 255 255 6 8 255 255 10 9
9 6 0 255 10 8 3 255 255 7 5 255 1 4 2 255
255 255 2 0 255 9 10 3 255 8 6 5 255 7 4 1
255 0 255 255 255 3 10 6 2 5 9 8 255 1 4 7
0 3 5 2 255 1 4 7 255 255 6 8 255 255 10 9
9 6 0 255 10 8 3 255 255 7 5 255 1 4 2 255
255 255 2 0 255 9 10 3 255 8 6 5 255 7 4 1
255 0 255 255 255 3 10 6 2 5 9 8 255 1 4 7
0 3 5 2 255 1 4 7 255 255 6 8 255 255 10 9
9 6 0 255 10 8 3 255 255 7 5 255 1 4 2 255
10 4 2 5 9 7 1 3 8 255 255 0 6 255 255 255
255 2 255 255 1 5 3 0 4 9 10 255 7 8 6 255
0 255 255 255 3 1 255 255 5 4 10 6 2 7 9 8
255 255 10 9 255 255 6 8 255 1 4 7 0 3 5 2
10 4 2 5 9 7 1 3 8 255 255 0 6 255 255 255
255 2 255 255 1 5 3 0 4 9 10 255 7 8 6 255
0 255 255 255 3 1 255 255 5 4 10 6 2 7 9 8
255 255 10 9 255 255 6 8 255 1 4 7 0 3 5 2
10 4 2 5 9 7 1 3 8 255 255 0 6 255 255 255
255 2 255 255 1 5 3 0 4 9 10 255 7 8 6 255
0 255 255 255 3 1 255 255 5 4 10 6 2 7 9 8
255 255 10 9 255 255 6 8 255 1 4 7 0 3 5 2
10 4 2 5 9 7 1 3 8 255 255 0 6 255 255 255
255 2 255 255 1 5 3 0 4 9 10 255 7 8 6 255
0 255 255 255 3 1 255 255 5 4 10 6 2 7 9 8
255 255 10 9 255 255 6 8 255 1 4 7 0 3 5 2
10 4 2 5 9 7 1 3 8 255 255 0 6 255 255 255
255 2 255 255 1 5 3 0 4 9 10 255 7 8 6 255
0 255 255 255 3 1 255 255 5 4 10 6 2 7 9 8
255 255 10 9 255 255 6 8 255 1 4 7 0 3 5 2
10 4 2 5 9 7 1 3 8 255 255 0 6 255 255 255
255 2 255 255 1 5 3 0 4 9 10 255 7 8 6 255
0 255 255 255 3 1 255 255 5 4 10 6 2 7 9 8
255 255 10 9 255 255 6 8 255 1 4 7 0 3 5 2
10 4 2 5 9 7 1 3 8 255 255 0 6 255 255 255
255 2 255 255 1 5 3 0 4 9 10 255 7 8 6 255
0 255 255 255 3 1 255 255 5 4 10 6 2 7 9 8
255 255 10 9 255 255 6 8 255 1 4 7 0 3 5 2
10 4 2 5 9 7 1 3 8 255 255 0 6 255 255 255
255 2 255 255 1 5 3 0 4 9 10 255 7 8 6 255
0 255 255 255 3 1 255 255 5 4 10 6 2 7 9 8
255 255 10 9 255 255 6 8 255 1 4 7 0 3 5 2
255 10 6 4 255 9 8 7 255 2 5 1 255 255 3 0
255 255 2 255 0 3 5 1 255 10 9 4 255 6 8 7
0 255 255 255 3 1 255 255 5 4 6 10 2 7 8 9
9 10 255 255 8 6 255 255 7 4 1 255 2 5 3 0
255 10 6 4 255 9 8 7 255 2 5 1 255 255 3 0
255 255 2 255 0 3 5 1 255 10 9 4 255 6 8 7
0 255 255 255 3 1 255 255 5 4 6 10 2 7 8 9
9 10 255 255 8 6 255 255 7 4 1 255 2 5 3 0
255 10 6 4 255 9 8 7 255 2 5 1 255 255 3 0
255 255 2 255 0 3 5 1 255 10 9 4 255 6 8 7
0 255 255 255 3 1 255 255 5 4 6 10 2 7 8 9
9 10 255 255 8 6 255 255 7 4 1 255 2 5 3 0
255 10 6 4 255 9 8 7 255 2 5 1 255 255 3 0
255 255 2 255 0 3 5 1 255 10 9 4 255 6 8 7
0 255 255 255 3 1 255 255 5 4 6 10 2 7 8 9
9 10 255 255 8 6 255 255 7 4 1 255 2 5 3 0
255 10 6 4 255 9 8 7 255 2 5 1 255 255 3 0
255 255 2 255 0 3 5 1 255 10 9 4 255 6 8 7
0 255 255 255 3 1 255 255 5 4 6 10 2 7 8 9
9 10 255 255 8 6 255 255 7 4 1 255 2 5 3 0
255 10 6 4 255 9 8 7 255 2 5 1 255 255 3 0
255 255 2 255 0 3 5 1 255 10 9 4 255 6 8 7
0 255 255 255 3 1 255 255 5 4 6 10 2 7 8 9
9 10 255 255 8 6 255 255 7 4 1 255 2 5 3 0
255 10 6 4 255 9 8 7 255 2 5 1 255 255 3 0
255 255 2 255 0 3 5 1 255 10 9 4 255 6 8 7
0 255 255 255 3 1 255 255 5 4 6 10 2 7 8 9
9 10 255 255 8 6 255 255 7 4 1 255 2 5 3 0
255 10 6 4 255 9 8 7 255 2 5 1 255 255 3 0
255 255 2 255 0 3 5 1 255 10 9 4 255 6 8 7
0 255 255 255 3 1 255 255 5 4 6 10 2 7 8 9
9 10 255 255 8 6 255 255 7 4 1 255 2 5 3 0
255 255 9 10 255 255 8 6 255 2 7 4 0 3 5 1
0 3 1 10 255 5 4 9 255 2 7 8 255 255 255 6
255 255 255 2 255 255 0 3 9 8 7 5 10 6 4 1
255 255 0 3 255 255 1 5 6 10 4 2 8 9 7 255
255 255 9 10 255 255 8 6 255 2 7 4 0 3 5 1
0 3 1 10 255 5 4 9 255 2 7 8 255 255 255 6
255 255 255 2 255 255 0 3 9 8 7 5 10 6 4 1
255 255 0 3 255 255 1 5 6 10 4 2 8 9 7 255
255 255 9 10 255 255 8 6 255 2 7 4 0 3 5 1
0 3 1 10 255 5 4 9 255 2 7 8 255 255 255 6
255 255 255 2 255 255 0 3 9 8 7 5 10 6 4 1
255 255 0 3 255 255 1 5 6 10 4 2 8 9 7 255
255 255 9 10 255 255 8 6 255 2 7 4 0 3 5 1
0 3 1 10 255 5 4 9 255 2 7 8 255 255 255 6
255 255 255 2 255 255 0 3 9 8 7 5 10 6 4 1
255 255 0 3 255 255 1 5 6 10 4 2 8 9 7 255
255 255 9 10 255 255 8 6 255 2 7 4 0 3 5 1
0 3 1 10 255 5 4 9 255 2 7 8 255 255 255 6
255 255 255 2 255 255 0 3 9 8 7 5 10 6 4 1
255 255 0 3 255 255 1 5 6 10 4 2 8 9 7 255
255 255 9 10 255 255 8 6 255 2 7 4 0 3 5 1
0 3 1 10 255 5 4 9 255 2 7 8 255 255 255 6
255 255 255 2 255 255 0 3 9 8 7 5 10 6 4 1
255 255 0 3 255 255 1 5 6 10 4 2 8 9 7 255
255 255 9 10 255 255 8 6 255 2 7 4 0 3 5 1
0 3 1 10 255 5 4 9 255 2 7 8 255 255 255 6
255 255 255 2 255 255 0 3 9 8 7 5 10 6 4 1
255 255 0 3 255 255 1 5 6 10 4 2 8 9 7 255
255 255 9 10 255 255 8 6 255 2 7 4 0 3 5 1
0 3 1 10 255 5 4 9 255 2 7 8 255 255 255 6
255 255 255 2 255 255 0 3 9 8 7 5 10 6 4 1
255 255 0 3 255 255 1 5 6 10 4 2 8 9 7 255
255 9 10 255 255 8 6 255 255 7 4 1 2 0 5 3
0 2 255 255 3 10 9 255 5 6 8 255 1 4 7 255
0 3 1 255 255 5 4 10 255 2 7 9 255 255 6 8
2 5 3 0 7 4 1 255 8 6 255 255 9 10 255 255
255 9 10 255 255 8 6 255 255 7 4 1 2 0 5 3
0 2 255 255 3 10 9 255 5 6 8 255 1 4 7 255
0 3 1 255 255 5 4 10 255 2 7 9 255 255 6 8
2 5 3 0 7 4 1 255 8 6 255 255 9 10 255 255
255 9 10 255 255 8 6 255 255 7 4 1 2 0 5 3
0 2 255 255 3 10 9 255 5 6 8 255 1 4 7 255
0 3 1 255 255 5 4 10 255 2 7 9 255 255 6 8
2 5 3 0 7 4 1 255 8 6 255 255 9 10 255 255
255 9 10 255 255 8 6 255 255 7 4 1 2 0 5 3
0 2 255 255 3 10 9 255 5 6 8 255 1 4 7 255
0 3 1 255 255 5 4 10 255 2 7 9 255 255 6 8
2 5 3 0 7 4 1 255 8 6 255 255 9 10 255 255
255 9 10 255 255 8 6 255 255 7 4 1 2 0 5 3
0 2 255 255 3 10 9 255 5 6 8 255 1 4 7 255
0 3 1 255 255 5 4 10 255 2 7 9 255 255 6 8
2 5 3 0 7 4 1 255 8 6 255 255 9 10 255 255
255 9 10 255 255 8 6 255 255 7 4 1 2 0 5 3
0 2 255 255 3 10 9 255 5 6 8 255 1 4 7 255
0 3 1 255 255 5 4 10 255 2 7 9 255 255 6 8
2 5 3 0 7 4 1 255 8 6 255 255 9 10 255 255
255 9 10 255 255 8 6 255 255 7 4 1 2 0 5 3
0 2 255 255 3 10 9 255 5 6 8 255 1 4 7 255
0 3 1 255 255 5 4 10 255 2 7 9 255 255 6 8
2 5 3 0 7 4 1 255 8 6 255 255 9 10 255 255
255 9 10 255 255 8 6 255 255 7 4 1 2 0 5 3
0 2 255 255 3 10 9 255 5 6 8 255 1 4 7 255
0 3 1 255 255 5 4 10 255 2 7 9 255 255 6 8
2 5 3 0 7 4 1 255 8 6 255 255 9 10 255 255
0 3 1 255 255 5 4 10 255 2 7 9 255 255 6 8
3 5 0 2 7 4 1 255 8 6 255 255 9 10 255 255
8 9 7 5 6 10 4 3 255 255 1 0 255 255 255 2
255 255 255 255 255 2 9 10 3 5 8 6 0 1 7 4
0 3 1 255 255 5 4 10 255 2 7 9 255 255 6 8
3 5 0 2 7 4 1 255 8 6 255 255 9 10 255 255
8 9 7 5 6 10 4 3 255 255 1 0 255 255 255 2
255 255 255 255 255 2 9 10 3 5 8 6 0 1 7 4
0 3 1 255 255 5 4 10 255 2 7 9 255 255 6 8
3 5 0 2 7 4 1 255 8 6 255 255 9 10 255 255
8 9 7 5 6 10 4 3 255 255 1 0 255 255 255 2
255 255 255 255 255 2 9 10 3 5 8 6 0 1 7 4
0 3 1 255 255 5 4 10 255 2 7 9 255 255 6 8
3 5 0 2 7 4 1 255 8 6 255 255 9 10 255 255
8 9 7 5 6 10 4 3 255 255 1 0 255 255 255 2
255 255 255 255 255 2 9 10 3 5 8 6 0 1 7 4
0 3 1 255 255 5 4 10 255 2 7 9 255 255 6 8
3 5 0 2 7 4 1 255 8 6 255 255 9 10 255 255
8 9 7 5 6 10 4 3 255 255 1 0 255 255 255 2
255 255 255 255 255 2 9 10 3 5 8 6 0 1 7 4
0 3 1 255 255 5 4 10 255 2 7 9 255 255 6 8
3 5 0 2 7 4 1 255 8 6 255 255 9 10 255 255
8 9 7 5 6 10 4 3 255 255 1 0 255 255 255 2
255 255 255 255 255 2 9 10 3 5 8 6 0 1 7 4
0 3 1 255 255 5 4 10 255 2 7 9 255 255 6 8
3 5 0 2 7 4 1 255 8 6 255 255 9 10 255 255
8 9 7 5 6 10 4 3 255 255 1 0 255 255 255 2
255 255 255 255 255 2 9 10 3 5 8 6 0 1 7 4
0 3 1 255 255 5 4 10 255 2 7 9 255 255 6 8
3 5 0 2 7 4 1 255 8 6 255 255 9 10 255 255
8 9 7 5 6 10 4 3 255 255 1 0 255 255 255 2
255 255 255 255 255 2 9 10 3 5 8 6 0 1 7 4
255 255 255 255 255 0 3 2 10 9 5 1 6 8 7 4
0 3 2 255 1 5 255 255 4 6 10 255 7 8 9 255
2 7 8 9 5 4 6 10 3 1 255 255 0 255 255 255
10 6 4 1 9 8 7 5 255 255 2 3 255 255 255 0
255 255 255 255 255 0 3 2 10 9 5 1 6 8 7 4
0 3 2 255 1 5 255 255 4 6 10 255 7 8 9 255
2 7 8 9 5 4 6 10 3 1 255 255 0 255 255 255
10 6 4 1 9 8 7 5 255 255 2 3 255 255 255 0

