1000
14 20 18 16 255 10 4 22 12 255 6 0 21 8 255 7 5 17 19 255 11 9 13 15 255
255 255 255 8 12 255 255 14 18 20 7 11 15 19 16 4 6 10 21 22 0 5 9 17 13
255 10 6 0 4 255 14 19 5 7 255 18 15 9 11 255 20 16 13 22 255 8 12 17 21
21 17 255 255 255 22 13 8 255 255 5 9 12 16 20 0 6 10 14 18 4 7 11 15 19
11 22 15 18 16 7 21 19 14 20 4 17 10 255 12 0 13 6 255 8 5 9 255 255 255
255 255 255 255 8 255 14 18 20 16 19 10 21 22 12 11 7 17 13 9 15 6 4 0 5
255 10 6 0 5 255 14 7 4 9 255 18 11 22 13 8 20 15 21 17 12 16 19 255 255
255 255 255 8 12 10 14 18 20 16 6 7 11 15 19 0 5 9 13 17 4 255 255 22 21
21 13 5 4 7 22 17 9 0 11 255 12 16 6 15 255 8 20 10 19 255 255 18 14 255
12 8 255 255 255 16 21 22 255 255 20 17 13 9 5 18 14 10 6 0 19 15 11 7 4
255 11 7 9 5 255 15 22 13 0 255 19 21 17 4 255 8 20 18 6 255 12 16 14 10
255 255 255 8 12 10 14 18 20 16 6 7 11 15 19 0 4 22 21 255 5 9 13 17 255
12 16 4 0 10 8 20 7 5 6 255 18 11 9 14 255 255 15 13 22 255 255 19 17 21
21 22 14 10 6 17 13 9 5 0 255 255 18 7 4 255 255 20 11 15 255 8 16 12 19
255 22 13 9 5 255 21 17 6 0 255 8 10 7 4 255 12 14 11 15 255 16 18 20 19
8 255 255 255 255 16 20 18 14 255 12 22 21 10 19 9 13 17 7 11 5 0 4 6 15
14 10 4 7 15 18 6 0 11 19 20 255 5 22 255 16 8 9 21 255 12 255 13 17 255
255 255 255 8 255 255 10 14 18 20 11 15 19 12 16 7 6 9 13 17 4 0 5 22 21
21 22 5 0 4 17 13 9 6 7 255 8 12 10 11 255 255 16 14 15 255 255 20 18 19
255 255 255 255 255 22 21 8 12 16 13 17 10 14 18 9 6 7 11 20 5 0 4 15 19
14 20 18 16 255 10 4 22 12 255 6 0 21 8 255 7 5 17 19 255 11 9 13 15 255
255 255 255 8 12 255 255 14 18 20 7 11 15 19 16 4 6 10 21 22 0 5 9 17 13
255 10 6 0 4 255 14 19 5 7 255 18 15 9 11 255 20 16 13 22 255 8 12 17 21
21 17 255 255 255 22 13 8 255 255 5 9 12 16 20 0 6 10 14 18 4 7 11 15 19
11 22 15 18 16 7 21 19 14 20 4 17 10 255 12 0 13 6 255 8 5 9 255 255 255
255 255 255 255 8 255 14 18 20 16 19 10 21 22 12 11 7 17 13 9 15 6 4 0 5
255 10 6 0 5 255 14 7 4 9 255 18 11 22 13 8 20 15 21 17 12 16 19 255 255
255 255 255 8 12 10 14 18 20 16 6 7 11 15 19 0 5 9 13 17 4 255 255 22 21
21 13 5 4 7 22 17 9 0 11 255 12 16 6 15 255 8 20 10 19 255 255 18 14 255
12 8 255 255 255 16 21 22 255 255 20 17 13 9 5 18 14 10 6 0 19 15 11 7 4
255 11 7 9 5 255 15 22 13 0 255 19 21 17 4 255 8 20 18 6 255 12 16 14 10
255 255 255 8 12 10 14 18 20 16 6 7 11 15 19 0 4 22 21 255 5 9 13 17 255
255 255 255 255 255 16 12 8 17 21 18 14 10 13 22 20 11 7 9 5 19 15 6 4 0
255 9 5 0 4 22 13 8 6 7 21 17 12 10 11 255 255 16 14 15 255 255 20 18 19
12 8 255 255 255 20 18 14 255 255 16 19 15 11 7 22 21 10 6 4 13 17 9 5 0
4 0 10 18 16 7 5 6 14 20 11 9 255 255 12 15 13 22 255 8 19 17 21 255 255
255 255 255 21 22 255 8 12 17 13 255 18 20 16 9 19 14 10 6 5 15 11 7 4 0
255 8 18 20 22 255 12 14 16 21 255 19 10 4 17 255 15 6 0 13 255 11 7 5 9
8 255 255 255 255 12 16 20 18 255 21 17 10 14 19 22 13 6 7 11 5 9 0 4 15
4 6 11 19 255 0 10 7 15 8 5 22 14 12 255 9 21 18 16 255 13 17 20 255 255
255 255 255 255 255 18 20 16 12 8 14 10 6 7 11 9 5 0 4 15 13 17 21 22 19
12 20 16 21 22 8 18 19 17 13 255 14 15 10 9 255 255 11 6 5 255 255 7 4 0
10 19 15 14 18 6 7 11 22 21 0 5 9 13 17 4 8 12 16 20 255 255 255 255 255
255 4 6 15 10 22 0 11 19 14 21 5 7 255 18 17 9 255 8 20 13 255 255 12 16
12 8 255 255 255 16 20 18 14 10 19 15 11 7 6 255 21 22 4 0 255 17 13 9 5
12 16 6 0 4 8 20 10 5 7 255 18 14 9 11 255 255 22 13 15 255 255 21 17 19
255 255 22 21 255 5 9 13 17 255 0 6 10 255 8 4 7 14 18 12 15 11 19 20 16
8 20 18 255 22 12 16 14 255 21 255 19 10 4 17 255 15 6 0 13 255 11 7 5 9
255 255 255 8 12 255 255 18 20 16 21 22 14 10 6 17 13 9 5 0 19 15 11 7 4
255 255 5 0 4 255 255 9 6 7 255 22 13 10 11 8 21 17 14 15 12 16 20 18 19
255 255 255 255 255 16 12 8 19 15 14 10 6 7 11 18 4 0 5 9 20 22 21 17 13
255 19 17 21 18 255 15 13 22 14 255 11 9 10 20 255 7 5 6 16 255 4 0 8 12
255 255 255 255 255 16 12 8 17 21 18 14 10 13 22 20 11 7 9 5 19 15 6 4 0
255 9 5 0 4 22 13 8 6 7 21 17 12 10 11 255 255 16 14 15 255 255 20 18 19
12 8 255 255 255 20 18 14 255 255 16 19 15 11 7 22 21 10 6 4 13 17 9 5 0
4 0 10 18 16 7 5 6 14 20 11 9 255 255 12 15 13 22 255 8 19 17 21 255 255
255 255 255 21 22 255 8 12 17 13 255 18 20 16 9 19 14 10 6 5 15 11 7 4 0
255 8 18 20 22 255 12 14 16 21 255 19 10 4 17 255 15 6 0 13 255 11 7 5 9
8 255 255 255 255 12 16 20 18 255 21 17 10 14 19 22 13 6 7 11 5 9 0 4 15
4 6 11 19 255 0 10 7 15 8 5 22 14 12 255 9 21 18 16 255 13 17 20 255 255
255 255 255 255 255 18 20 16 12 8 14 10 6 7 11 9 5 0 4 15 13 17 21 22 19
12 20 16 21 22 8 18 19 17 13 255 14 15 10 9 255 255 11 6 5 255 255 7 4 0
10 19 15 14 18 6 7 11 22 21 0 5 9 13 17 4 8 12 16 20 255 255 255 255 255
255 4 6 15 10 22 0 11 19 14 21 5 7 255 18 17 9 255 8 20 13 255 255 12 16
255 255 255 255 8 255 18 20 16 12 19 14 10 17 21 11 7 6 13 22 15 4 0 9 5
255 5 0 4 15 255 9 6 7 11 22 13 10 14 19 21 17 255 18 20 255 255 8 12 16
255 255 255 255 255 8 12 19 15 11 18 14 10 6 7 20 16 4 0 5 22 21 17 13 9
19 17 21 18 16 15 13 22 14 20 11 9 10 255 12 7 5 6 255 8 4 0 255 255 255
255 255 255 255 255 16 12 8 21 22 18 14 10 17 13 20 11 7 6 9 19 15 4 0 5
255 16 14 18 20 255 12 10 4 22 255 8 6 0 21 255 19 7 5 17 255 15 11 9 13
12 8 255 255 255 20 18 14 255 255 16 19 15 11 7 21 17 10 6 4 22 13 9 5 0
0 10 6 14 255 5 4 7 18 255 9 255 11 20 255 13 22 15 16 8 17 21 19 12 255
255 255 21 22 255 255 255 17 13 9 20 16 12 8 5 18 14 10 6 0 19 15 11 7 4
12 20 16 22 13 8 18 19 21 17 255 14 15 10 9 255 255 11 6 5 255 255 7 4 0
14 18 20 16 255 10 19 15 12 8 6 7 11 22 21 0 5 9 13 17 4 255 255 255 255
4 0 11 19 255 7 5 6 15 255 22 9 10 8 255 21 13 14 12 255 17 20 18 16 255
255 255 255 255 255 16 12 8 19 15 20 18 14 7 11 13 9 5 0 4 17 21 22 6 10
8 12 21 22 5 255 16 17 13 9 255 20 10 6 0 255 18 14 7 4 255 255 19 11 15
255 255 255 8 12 255 255 22 21 16 5 9 13 17 20 0 6 10 14 18 4 7 11 15 19
255 18 14 255 255 8 20 10 4 22 12 16 6 0 21 255 19 7 5 17 255 15 11 9 13
255 255 16 20 18 255 8 12 10 14 255 255 15 11 7 21 22 19 6 4 17 13 9 5 0
16 6 0 4 15 20 10 5 7 11 18 14 9 255 19 12 22 13 255 255 8 21 17 255 255
255 22 21 255 255 9 13 17 255 255 5 7 11 12 8 0 6 15 16 20 4 10 19 14 18
20 18 8 22 255 16 14 12 21 255 19 10 4 17 255 15 6 0 13 255 11 7 5 9 255
255 255 255 255 8 255 18 20 16 12 19 14 10 17 21 11 7 6 13 22 15 4 0 9 5
255 5 0 4 15 255 9 6 7 11 22 13 10 14 19 21 17 255 18 20 255 255 8 12 16
255 255 255 255 255 8 12 19 15 11 18 14 10 6 7 20 16 4 0 5 22 21 17 13 9
19 17 21 18 16 15 13 22 14 20 11 9 10 255 12 7 5 6 255 8 4 0 255 255 255
255 255 255 255 255 16 12 8 21 22 18 14 10 17 13 20 11 7 6 9 19 15 4 0 5
255 16 14 18 20 255 12 10 4 22 255 8 6 0 21 255 19 7 5 17 255 15 11 9 13
12 8 255 255 255 20 18 14 255 255 16 19 15 11 7 21 17 10 6 4 22 13 9 5 0
0 10 6 14 255 5 4 7 18 255 9 255 11 20 255 13 22 15 16 8 17 21 19 12 255
255 255 21 22 255 255 255 17 13 9 20 16 12 8 5 18 14 10 6 0 19 15 11 7 4
12 20 16 22 13 8 18 19 21 17 255 14 15 10 9 255 255 11 6 5 255 255 7 4 0
14 18 20 16 255 10 19 15 12 8 6 7 11 22 21 0 5 9 13 17 4 255 255 255 255
4 0 11 19 255 7 5 6 15 255 22 9 10 8 255 21 13 14 12 255 17 20 18 16 255
8 12 21 22 5 255 16 17 13 9 255 20 10 6 0 255 18 14 7 4 255 255 19 11 15
255 255 255 8 12 255 255 22 21 16 5 9 13 17 20 0 6 10 14 18 4 7 11 15 19
255 18 14 255 255 8 20 10 4 22 12 16 6 0 21 255 19 7 5 17 255 15 11 9 13
255 255 16 20 18 255 8 12 10 14 255 255 15 11 7 21 22 19 6 4 17 13 9 5 0
16 6 0 4 15 20 10 5 7 11 18 14 9 255 19 12 22 13 255 255 8 21 17 255 255
255 22 21 255 255 9 13 17 255 255 5 7 11 12 8 0 6 15 16 20 4 10 19 14 18
20 18 8 22 255 16 14 12 21 255 19 10 4 17 255 15 6 0 13 255 11 7 5 9 255
255 255 255 255 8 255 18 20 16 12 19 14 10 17 21 11 7 6 13 22 15 4 0 9 5
255 5 0 4 15 255 9 6 7 11 22 13 10 14 19 21 17 255 18 20 255 255 8 12 16
255 255 255 255 255 8 12 19 15 11 18 14 10 6 7 20 16 4 0 5 22 21 17 13 9
19 17 21 18 16 15 13 22 14 20 11 9 10 255 12 7 5 6 255 8 4 0 255 255 255
255 255 255 255 255 16 12 8 21 22 18 14 10 17 13 20 11 7 6 9 19 15 4 0 5
255 16 14 18 20 255 12 10 4 22 255 8 6 0 21 255 19 7 5 17 255 15 11 9 13
12 8 255 255 255 20 18 14 255 255 16 19 15 11 7 21 17 10 6 4 22 13 9 5 0
0 10 6 14 255 5 4 7 18 255 9 255 11 20 255 13 22 15 16 8 17 21 19 12 255
255 255 21 22 255 255 255 17 13 9 20 16 12 8 5 18 14 10 6 0 19 15 11 7 4
12 20 16 22 13 8 18 19 21 17 255 14 15 10 9 255 255 11 6 5 255 255 7 4 0
14 18 20 16 255 10 19 15 12 8 6 7 11 22 21 0 5 9 13 17 4 255 255 255 255
4 0 11 19 255 7 5 6 15 255 22 9 10 8 255 21 13 14 12 255 17 20 18 16 255
255 255 255 255 255 16 12 8 19 15 20 18 14 7 11 13 9 5 0 4 17 21 22 6 10
8 12 21 22 5 255 16 17 13 9 255 20 10 6 0 255 18 14 7 4 255 255 19 11 15
255 255 255 8 12 255 255 22 21 16 5 9 13 17 20 0 6 10 14 18 4 7 11 15 19
255 18 14 255 255 8 20 10 4 22 12 16 6 0 21 255 19 7 5 17 255 15 11 9 13
255 255 16 20 18 255 8 12 10 14 255 255 15 11 7 21 22 19 6 4 17 13 9 5 0
16 6 0 4 15 20 10 5 7 11 18 14 9 255 19 12 22 13 255 255 8 21 17 255 255
255 22 21 255 255 9 13 17 255 255 5 7 11 12 8 0 6 15 16 20 4 10 19 14 18
20 18 8 22 255 16 14 12 21 255 19 10 4 17 255 15 6 0 13 255 11 7 5 9 255
255 255 255 255 8 255 18 20 16 12 19 14 10 17 21 11 7 6 13 22 15 4 0 9 5
255 5 0 4 15 255 9 6 7 11 22 13 10 14 19 21 17 255 18 20 255 255 8 12 16
255 255 255 255 255 8 12 19 15 11 18 14 10 6 7 20 16 4 0 5 22 21 17 13 9
19 17 21 18 16 15 13 22 14 20 11 9 10 255 12 7 5 6 255 8 4 0 255 255 255
255 255 255 255 255 16 12 8 21 22 18 14 10 17 13 20 11 7 6 9 19 15 4 0 5
21 22 5 0 4 17 13 9 6 7 255 8 12 10 11 255 255 16 14 15 255 255 20 18 19
255 255 255 255 255 22 21 8 12 16 13 17 10 14 18 9 6 7 11 20 5 0 4 15 19
14 20 18 16 255 10 4 22 12 255 6 0 21 8 255 7 5 17 19 255 11 9 13 15 255
255 255 255 8 12 255 255 14 18 20 7 11 15 19 16 4 6 10 21 22 0 5 9 17 13
255 10 6 0 4 255 14 19 5 7 255 18 15 9 11 255 20 16 13 22 255 8 12 17 21
21 17 255 255 255 22 13 8 255 255 5 9 12 16 20 0 6 10 14 18 4 7 11 15 19
11 22 15 18 16 7 21 19 14 20 4 17 10 255 12 0 13 6 255 8 5 9 255 255 255
255 255 255 255 8 255 14 18 20 16 19 10 21 22 12 11 7 17 13 9 15 6 4 0 5
255 10 6 0 5 255 14 7 4 9 255 18 11 22 13 8 20 15 21 17 12 16 19 255 255
255 255 255 8 12 10 14 18 20 16 6 7 11 15 19 0 5 9 13 17 4 255 255 22 21
21 13 5 4 7 22 17 9 0 11 255 12 16 6 15 255 8 20 10 19 255 255 18 14 255
12 8 255 255 255 16 21 22 255 255 20 17 13 9 5 18 14 10 6 0 19 15 11 7 4
255 11 7 9 5 255 15 22 13 0 255 19 21 17 4 255 8 20 18 6 255 12 16 14 10
255 255 255 8 12 10 14 18 20 16 6 7 11 15 19 0 4 22 21 255 5 9 13 17 255
12 16 4 0 10 8 20 7 5 6 255 18 11 9 14 255 255 15 13 22 255 255 19 17 21
21 22 14 10 6 17 13 9 5 0 255 255 18 7 4 255 255 20 11 15 255 8 16 12 19
255 22 13 9 5 255 21 17 6 0 255 8 10 7 4 255 12 14 11 15 255 16 18 20 19
8 255 255 255 255 16 20 18 14 255 12 22 21 10 19 9 13 17 7 11 5 0 4 6 15
14 10 4 7 15 18 6 0 11 19 20 255 5 22 255 16 8 9 21 255 12 255 13 17 255
255 255 255 8 255 255 10 14 18 20 11 15 19 12 16 7 6 9 13 17 4 0 5 22 21
21 22 5 0 4 17 13 9 6 7 255 8 12 10 11 255 255 16 14 15 255 255 20 18 19
255 255 255 255 255 22 21 8 12 16 13 17 10 14 18 9 6 7 11 20 5 0 4 15 19
14 20 18 16 255 10 4 22 12 255 6 0 21 8 255 7 5 17 19 255 11 9 13 15 255
255 255 255 8 12 255 255 14 18 20 7 11 15 19 16 4 6 10 21 22 0 5 9 17 13
255 10 6 0 4 255 14 19 5 7 255 18 15 9 11 255 20 16 13 22 255 8 12 17 21
21 17 255 255 255 22 13 8 255 255 5 9 12 16 20 0 6 10 14 18 4 7 11 15 19
11 22 15 18 16 7 21 19 14 20 4 17 10 255 12 0 13 6 255 8 5 9 255 255 255
255 255 255 255 8 255 14 18 20 16 19 10 21 22 12 11 7 17 13 9 15 6 4 0 5
255 10 6 0 5 255 14 7 4 9 255 18 11 22 13 8 20 15 21 17 12 16 19 255 255
255 255 255 8 12 10 14 18 20 16 6 7 11 15 19 0 5 9 13 17 4 255 255 22 21
21 13 5 4 7 22 17 9 0 11 255 12 16 6 15 255 8 20 10 19 255 255 18 14 255
12 8 255 255 255 16 21 22 255 255 20 17 13 9 5 18 14 10 6 0 19 15 11 7 4
255 255 255 255 255 8 12 19 15 11 18 14 10 6 7 20 16 4 0 5 22 21 17 13 9
19 17 21 18 16 15 13 22 14 20 11 9 10 255 12 7 5 6 255 8 4 0 255 255 255
255 255 255 255 255 16 12 8 21 22 18 14 10 17 13 20 11 7 6 9 19 15 4 0 5
255 16 14 18 20 255 12 10 4 22 255 8 6 0 21 255 19 7 5 17 255 15 11 9 13
12 8 255 255 255 20 18 14 255 255 16 19 15 11 7 21 17 10 6 4 22 13 9 5 0
0 10 6 14 255 5 4 7 18 255 9 255 11 20 255 13 22 15 16 8 17 21 19 12 255
255 255 21 22 255 255 255 17 13 9 20 16 12 8 5 18 14 10 6 0 19 15 11 7 4
12 20 16 22 13 8 18 19 21 17 255 14 15 10 9 255 255 11 6 5 255 255 7 4 0
14 18 20 16 255 10 19 15 12 8 6 7 11 22 21 0 5 9 13 17 4 255 255 255 255
4 0 11 19 255 7 5 6 15 255 22 9 10 8 255 21 13 14 12 255 17 20 18 16 255
255 255 255 255 255 16 12 8 19 15 20 18 14 7 11 13 9 5 0 4 17 21 22 6 10
8 12 21 22 5 255 16 17 13 9 255 20 10 6 0 255 18 14 7 4 255 255 19 11 15
255 255 255 8 12 255 255 22 21 16 5 9 13 17 20 0 6 10 14 18 4 7 11 15 19
255 18 14 255 255 8 20 10 4 22 12 16 6 0 21 255 19 7 5 17 255 15 11 9 13
255 255 16 20 18 255 8 12 10 14 255 255 15 11 7 21 22 19 6 4 17 13 9 5 0
16 6 0 4 15 20 10 5 7 11 18 14 9 255 19 12 22 13 255 255 8 21 17 255 255
255 22 21 255 255 9 13 17 255 255 5 7 11 12 8 0 6 15 16 20 4 10 19 14 18
20 18 8 22 255 16 14 12 21 255 19 10 4 17 255 15 6 0 13 255 11 7 5 9 255
255 255 255 255 8 255 18 20 16 12 19 14 10 17 21 11 7 6 13 22 15 4 0 9 5
255 5 0 4 15 255 9 6 7 11 22 13 10 14 19 21 17 255 18 20 255 255 8 12 16
255 255 255 255 255 8 12 19 15 11 18 14 10 6 7 20 16 4 0 5 22 21 17 13 9
19 17 21 18 16 15 13 22 14 20 11 9 10 255 12 7 5 6 255 8 4 0 255 255 255
255 255 255 255 255 16 12 8 21 22 18 14 10 17 13 20 11 7 6 9 19 15 4 0 5
255 16 14 18 20 255 12 10 4 22 255 8 6 0 21 255 19 7 5 17 255 15 11 9 13
12 8 255 255 255 20 18 14 255 255 16 19 15 11 7 21 17 10 6 4 22 13 9 5 0
0 10 6 14 255 5 4 7 18 255 9 255 11 20 255 13 22 15 16 8 17 21 19 12 255
255 255 21 22 255 255 255 17 13 9 20 16 12 8 5 18 14 10 6 0 19 15 11 7 4
12 20 16 22 13 8 18 19 21 17 255 14 15 10 9 255 255 11 6 5 255 255 7 4 0
14 18 20 16 255 10 19 15 12 8 6 7 11 22 21 0 5 9 13 17 4 255 255 255 255
4 0 11 19 255 7 5 6 15 255 22 9 10 8 255 21 13 14 12 255 17 20 18 16 255
255 255 255 255 255 16 12 8 19 15 20 18 14 7 11 13 9 5 0 4 17 21 22 6 10
8 12 21 22 5 255 16 17 13 9 255 20 10 6 0 255 18 14 7 4 255 255 19 11 15
255 255 21 22 255 255 255 17 13 9 20 16 12 8 5 18 14 10 6 0 19 15 11 7 4
12 20 16 22 13 8 18 19 21 17 255 14 15 10 9 255 255 11 6 5 255 255 7 4 0
14 18 20 16 255 10 19 15 12 8 6 7 11 22 21 0 5 9 13 17 4 255 255 255 255
4 0 11 19 255 7 5 6 15 255 22 9 10 8 255 21 13 14 12 255 17 20 18 16 255
255 255 255 255 255 16 12 8 19 15 20 18 14 7 11 13 9 5 0 4 17 21 22 6 10
8 12 21 22 5 255 16 17 13 9 255 20 10 6 0 255 18 14 7 4 255 255 19 11 15
255 255 255 8 12 255 255 22 21 16 5 9 13 17 20 0 6 10 14 18 4 7 11 15 19
255 18 14 255 255 8 20 10 4 22 12 16 6 0 21 255 19 7 5 17 255 15 11 9 13
255 255 16 20 18 255 8 12 10 14 255 255 15 11 7 21 22 19 6 4 17 13 9 5 0
16 6 0 4 15 20 10 5 7 11 18 14 9 255 19 12 22 13 255 255 8 21 17 255 255
255 22 21 255 255 9 13 17 255 255 5 7 11 12 8 0 6 15 16 20 4 10 19 14 18
20 18 8 22 255 16 14 12 21 255 19 10 4 17 255 15 6 0 13 255 11 7 5 9 255
255 255 255 255 8 255 18 20 16 12 19 14 10 17 21 11 7 6 13 22 15 4 0 9 5
255 5 0 4 15 255 9 6 7 11 22 13 10 14 19 21 17 255 18 20 255 255 8 12 16
255 255 255 255 255 8 12 19 15 11 18 14 10 6 7 20 16 4 0 5 22 21 17 13 9
19 17 21 18 16 15 13 22 14 20 11 9 10 255 12 7 5 6 255 8 4 0 255 255 255
255 255 255 255 255 16 12 8 21 22 18 14 10 17 13 20 11 7 6 9 19 15 4 0 5
255 16 14 18 20 255 12 10 4 22 255 8 6 0 21 255 19 7 5 17 255 15 11 9 13
12 8 255 255 255 20 18 14 255 255 16 19 15 11 7 21 17 10 6 4 22 13 9 5 0
0 10 6 14 255 5 4 7 18 255 9 255 11 20 255 13 22 15 16 8 17 21 19 12 255
255 255 21 22 255 255 255 17 13 9 20 16 12 8 5 18 14 10 6 0 19 15 11 7 4
12 20 16 22 13 8 18 19 21 17 255 14 15 10 9 255 255 11 6 5 255 255 7 4 0
14 18 20 16 255 10 19 15 12 8 6 7 11 22 21 0 5 9 13 17 4 255 255 255 255
4 0 11 19 255 7 5 6 15 255 22 9 10 8 255 21 13 14 12 255 17 20 18 16 255
255 255 255 255 255 16 12 8 19 15 20 18 14 7 11 13 9 5 0 4 17 21 22 6 10
8 12 21 22 5 255 16 17 13 9 255 20 10 6 0 255 18 14 7 4 255 255 19 11 15
255 255 255 8 12 255 255 22 21 16 5 9 13 17 20 0 6 10 14 18 4 7 11 15 19
255 18 14 255 255 8 20 10 4 22 12 16 6 0 21 255 19 7 5 17 255 15 11 9 13
255 255 16 20 18 255 8 12 10 14 255 255 15 11 7 21 22 19 6 4 17 13 9 5 0
16 6 0 4 15 20 10 5 7 11 18 14 9 255 19 12 22 13 255 255 8 21 17 255 255
255 22 21 255 255 9 13 17 255 255 5 7 11 12 8 0 6 15 16 20 4 10 19 14 18
20 18 8 22 255 16 14 12 21 255 19 10 4 17 255 15 6 0 13 255 11 7 5 9 255
18 14 7 4 0 20 10 11 6 5 16 12 15 19 9 255 8 255 22 13 255 255 255 21 17
6 7 11 22 21 0 5 9 13 17 4 19 15 255 255 10 255 255 255 8 14 18 20 16 12
22 14 10 19 18 21 4 6 15 20 17 0 11 255 16 13 5 7 255 12 9 255 255 255 8
255 255 255 255 255 16 12 8 15 19 20 21 22 11 7 18 17 13 9 5 14 10 6 4 0
255 19 7 5 0 255 15 11 9 4 255 8 22 13 6 255 12 21 17 10 255 16 20 18 14
255 255 255 255 255 15 19 8 12 16 11 7 14 18 20 4 0 5 9 13 10 6 22 21 17
255 8 19 17 21 255 12 15 13 22 255 16 11 9 10 255 20 7 5 6 255 18 4 0 14
8 12 18 20 16 21 22 14 10 6 17 13 9 5 0 255 255 255 7 4 255 255 19 11 15
255 255 9 5 0 255 22 13 6 4 255 21 17 10 7 8 12 18 14 11 255 16 20 19 15
10 14 18 20 255 6 7 11 16 12 0 4 15 19 8 5 22 21 255 255 9 13 17 255 255
255 4 0 10 18 255 7 5 6 14 255 11 9 8 20 255 15 13 22 16 255 19 17 21 12
255 255 255 17 21 255 255 8 13 22 20 16 12 9 5 18 14 10 6 0 19 15 11 7 4
22 13 9 5 0 21 17 16 6 4 255 12 20 10 7 255 8 18 14 11 255 255 255 19 15
8 255 255 255 255 12 16 20 18 255 22 21 10 14 19 13 17 6 7 11 9 5 0 4 15
10 4 7 15 255 6 0 11 19 255 14 5 22 8 255 18 9 21 12 255 20 13 17 16 255
255 255 255 255 8 14 18 20 16 12 10 6 7 11 15 5 0 4 255 19 9 13 17 21 22
255 20 16 17 21 8 18 12 13 22 255 14 19 9 5 255 10 15 6 0 255 255 11 7 4
255 255 255 255 255 21 17 8 12 16 22 13 10 14 18 5 9 7 11 20 0 4 6 15 19
7 255 11 19 12 4 22 15 16 8 0 21 6 20 255 5 17 10 18 255 9 13 14 255 255
255 20 18 14 10 12 16 11 7 6 8 19 15 4 0 255 255 21 22 5 255 255 17 13 9
18 14 7 4 0 20 10 11 6 5 16 12 15 19 9 255 8 255 22 13 255 255 255 21 17
6 7 11 22 21 0 5 9 13 17 4 19 15 255 255 10 255 255 255 8 14 18 20 16 12
22 14 10 19 18 21 4 6 15 20 17 0 11 255 16 13 5 7 255 12 9 255 255 255 8
255 255 255 255 255 16 12 8 15 19 20 21 22 11 7 18 17 13 9 5 14 10 6 4 0
255 19 7 5 0 255 15 11 9 4 255 8 22 13 6 255 12 21 17 10 255 16 20 18 14
255 255 255 255 255 15 19 8 12 16 11 7 14 18 20 4 0 5 9 13 10 6 22 21 17
255 8 19 17 21 255 12 15 13 22 255 16 11 9 10 255 20 7 5 6 255 18 4 0 14
8 12 18 20 16 21 22 14 10 6 17 13 9 5 0 255 255 255 7 4 255 255 19 11 15
255 255 9 5 0 255 22 13 6 4 255 21 17 10 7 8 12 18 14 11 255 16 20 19 15
10 14 18 20 255 6 7 11 16 12 0 4 15 19 8 5 22 21 255 255 9 13 17 255 255
255 4 0 10 18 255 7 5 6 14 255 11 9 8 20 255 15 13 22 16 255 19 17 21 12
255 255 255 17 21 255 255 8 13 22 20 16 12 9 5 18 14 10 6 0 19 15 11 7 4
255 15 11 4 10 255 19 7 0 6 255 8 14 5 22 255 12 18 9 21 255 16 20 13 17
255 8 255 255 255 20 18 14 10 255 16 12 19 15 11 17 13 9 6 7 21 22 5 0 4
17 21 19 12 255 13 22 15 16 8 9 255 11 20 255 5 4 7 18 255 0 10 6 14 255
255 8 255 255 255 16 12 21 22 255 20 18 17 13 9 19 14 10 6 5 15 11 7 4 0
10 6 0 5 9 14 7 4 22 13 18 11 15 21 17 20 16 19 255 255 255 12 8 255 255
18 20 16 255 255 14 10 12 8 255 7 11 15 255 255 4 6 19 22 21 0 5 9 13 17
0 5 6 19 255 4 9 15 10 255 7 13 11 14 255 22 17 12 18 255 21 8 16 20 255
255 21 22 255 255 255 17 13 9 5 8 255 10 6 0 12 18 14 7 4 16 20 19 11 15
8 12 22 13 9 255 16 21 17 5 255 20 10 6 0 255 18 14 7 4 255 255 19 11 15
255 255 255 255 255 19 15 8 12 16 7 11 22 21 20 5 9 13 17 18 0 4 6 10 14
255 14 10 4 7 255 18 6 0 11 255 20 15 5 22 255 16 19 9 21 8 12 255 13 17
255 255 255 255 255 8 20 18 14 10 12 16 15 19 6 17 13 9 5 0 21 22 11 7 4
255 21 22 5 0 255 17 13 9 4 255 8 10 7 6 255 12 14 11 15 255 16 18 20 19
255 255 255 8 255 255 22 21 12 16 9 13 17 18 20 5 6 10 14 19 0 4 7 11 15
18 14 12 255 8 20 10 4 22 255 16 6 0 21 255 19 7 5 17 255 15 11 9 13 255
255 255 255 8 12 255 255 14 18 20 7 11 15 19 16 4 6 10 17 21 0 5 9 13 22
6 0 4 15 19 10 5 7 11 12 14 9 18 20 16 22 13 255 255 8 21 17 255 255 255
22 21 255 255 255 13 17 12 8 255 9 16 20 18 255 5 6 10 14 19 0 4 7 11 15
19 14 22 18 255 15 10 21 20 255 11 4 17 16 255 6 0 13 12 255 7 5 9 8 255
255 255 255 255 8 255 18 20 16 12 19 14 10 21 22 11 7 6 17 13 15 4 0 5 9
255 15 11 4 10 255 19 7 0 6 255 8 14 5 22 255 12 18 9 21 255 16 20 13 17
255 8 255 255 255 20 18 14 10 255 16 12 19 15 11 17 13 9 6 7 21 22 5 0 4
17 21 19 12 255 13 22 15 16 8 9 255 11 20 255 5 4 7 18 255 0 10 6 14 255
255 8 255 255 255 16 12 21 22 255 20 18 17 13 9 19 14 10 6 5 15 11 7 4 0
10 6 0 5 9 14 7 4 22 13 18 11 15 21 17 20 16 19 255 255 255 12 8 255 255
18 20 16 255 255 14 10 12 8 255 7 11 15 255 255 4 6 19 22 21 0 5 9 13 17
0 5 6 19 255 4 9 15 10 255 7 13 11 14 255 22 17 12 18 255 21 8 16 20 255
255 21 22 255 255 255 17 13 9 5 8 255 10 6 0 12 18 14 7 4 16 20 19 11 15
8 12 22 13 9 255 16 21 17 5 255 20 10 6 0 255 18 14 7 4 255 255 19 11 15
255 255 255 255 255 19 15 8 12 16 7 11 22 21 20 5 9 13 17 18 0 4 6 10 14
255 14 10 4 7 255 18 6 0 11 255 20 15 5 22 255 16 19 9 21 8 12 255 13 17
255 255 255 255 255 8 20 18 14 10 12 16 15 19 6 17 13 9 5 0 21 22 11 7 4
7 255 11 19 12 4 22 15 16 8 0 21 6 20 255 5 17 10 18 255 9 13 14 255 255
255 20 18 14 10 12 16 11 7 6 8 19 15 4 0 255 255 21 22 5 255 255 17 13 9
18 14 7 4 0 20 10 11 6 5 16 12 15 19 9 255 8 255 22 13 255 255 255 21 17
6 7 11 22 21 0 5 9 13 17 4 19 15 255 255 10 255 255 255 8 14 18 20 16 12
22 14 10 19 18 21 4 6 15 20 17 0 11 255 16 13 5 7 255 12 9 255 255 255 8
255 255 255 255 255 16 12 8 15 19 20 21 22 11 7 18 17 13 9 5 14 10 6 4 0
255 19 7 5 0 255 15 11 9 4 255 8 22 13 6 255 12 21 17 10 255 16 20 18 14
255 255 255 255 255 15 19 8 12 16 11 7 14 18 20 4 0 5 9 13 10 6 22 21 17
255 8 19 17 21 255 12 15 13 22 255 16 11 9 10 255 20 7 5 6 255 18 4 0 14
8 12 18 20 16 21 22 14 10 6 17 13 9 5 0 255 255 255 7 4 255 255 19 11 15
255 255 9 5 0 255 22 13 6 4 255 21 17 10 7 8 12 18 14 11 255 16 20 19 15
10 14 18 20 255 6 7 11 16 12 0 4 15 19 8 5 22 21 255 255 9 13 17 255 255
255 4 0 10 18 255 7 5 6 14 255 11 9 8 20 255 15 13 22 16 255 19 17 21 12
255 255 255 17 21 255 255 8 13 22 20 16 12 9 5 18 14 10 6 0 19 15 11 7 4
22 13 9 5 0 21 17 16 6 4 255 12 20 10 7 255 8 18 14 11 255 255 255 19 15
8 255 255 255 255 12 16 20 18 255 22 21 10 14 19 13 17 6 7 11 9 5 0 4 15
10 4 7 15 255 6 0 11 19 255 14 5 22 8 255 18 9 21 12 255 20 13 17 16 255
255 255 255 255 8 14 18 20 16 12 10 6 7 11 15 5 0 4 255 19 9 13 17 21 22
255 20 16 17 21 8 18 12 13 22 255 14 19 9 5 255 10 15 6 0 255 255 11 7 4
255 255 255 255 255 21 17 8 12 16 22 13 10 14 18 5 9 7 11 20 0 4 6 15 19
7 255 11 19 12 4 22 15 16 8 0 21 6 20 255 5 17 10 18 255 9 13 14 255 255
255 20 18 14 10 12 16 11 7 6 8 19 15 4 0 255 255 21 22 5 255 255 17 13 9
18 14 7 4 0 20 10 11 6 5 16 12 15 19 9 255 8 255 22 13 255 255 255 21 17
6 7 11 22 21 0 5 9 13 17 4 19 15 255 255 10 255 255 255 8 14 18 20 16 12
22 14 10 19 18 21 4 6 15 20 17 0 11 255 16 13 5 7 255 12 9 255 255 255 8
255 255 255 255 255 16 12 8 15 19 20 21 22 11 7 18 17 13 9 5 14 10 6 4 0
255 19 7 5 0 255 15 11 9 4 255 8 22 13 6 255 12 21 17 10 255 16 20 18 14
255 255 255 255 255 15 19 8 12 16 11 7 14 18 20 4 0 5 9 13 10 6 22 21 17
255 8 19 17 21 255 12 15 13 22 255 16 11 9 10 255 20 7 5 6 255 18 4 0 14
8 12 18 20 16 21 22 14 10 6 17 13 9 5 0 255 255 255 7 4 255 255 19 11 15
255 255 9 5 0 255 22 13 6 4 255 21 17 10 7 8 12 18 14 11 255 16 20 19 15
10 14 18 20 255 6 7 11 16 12 0 4 15 19 8 5 22 21 255 255 9 13 17 255 255
12 8 255 255 255 20 18 14 255 255 16 19 15 11 7 22 21 10 6 4 13 17 9 5 0
4 0 10 18 16 7 5 6 14 20 11 9 255 255 12 15 13 22 255 8 19 17 21 255 255
255 255 255 21 22 255 8 12 17 13 255 18 20 16 9 19 14 10 6 5 15 11 7 4 0
255 8 18 20 22 255 12 14 16 21 255 19 10 4 17 255 15 6 0 13 255 11 7 5 9
8 255 255 255 255 12 16 20 18 255 21 17 10 14 19 22 13 6 7 11 5 9 0 4 15
4 6 11 19 255 0 10 7 15 8 5 22 14 12 255 9 21 18 16 255 13 17 20 255 255
255 255 255 255 255 18 20 16 12 8 14 10 6 7 11 9 5 0 4 15 13 17 21 22 19
12 20 16 21 22 8 18 19 17 13 255 14 15 10 9 255 255 11 6 5 255 255 7 4 0
10 19 15 14 18 6 7 11 22 21 0 5 9 13 17 4 8 12 16 20 255 255 255 255 255
255 4 6 15 10 22 0 11 19 14 21 5 7 255 18 17 9 255 8 20 13 255 255 12 16
12 8 255 255 255 16 20 18 14 10 19 15 11 7 6 255 21 22 4 0 255 17 13 9 5
12 16 6 0 4 8 20 10 5 7 255 18 14 9 11 255 255 22 13 15 255 255 21 17 19
255 255 22 21 255 5 9 13 17 255 0 6 10 255 8 4 7 14 18 12 15 11 19 20 16
8 20 18 255 22 12 16 14 255 21 255 19 10 4 17 255 15 6 0 13 255 11 7 5 9
255 255 255 8 12 255 255 18 20 16 21 22 14 10 6 17 13 9 5 0 19 15 11 7 4
255 255 5 0 4 255 255 9 6 7 255 22 13 10 11 8 21 17 14 15 12 16 20 18 19
255 255 255 255 255 16 12 8 19 15 14 10 6 7 11 18 4 0 5 9 20 22 21 17 13
255 19 17 21 18 255 15 13 22 14 255 11 9 10 20 255 7 5 6 16 255 4 0 8 12
255 255 255 255 255 16 12 8 17 21 18 14 10 13 22 20 11 7 9 5 19 15 6 4 0
255 9 5 0 4 22 13 8 6 7 21 17 12 10 11 255 255 16 14 15 255 255 20 18 19
12 8 255 255 255 20 18 14 255 255 16 19 15 11 7 22 21 10 6 4 13 17 9 5 0
4 0 10 18 16 7 5 6 14 20 11 9 255 255 12 15 13 22 255 8 19 17 21 255 255
255 255 255 21 22 255 8 12 17 13 255 18 20 16 9 19 14 10 6 5 15 11 7 4 0
255 8 18 20 22 255 12 14 16 21 255 19 10 4 17 255 15 6 0 13 255 11 7 5 9
8 255 255 255 255 12 16 20 18 255 21 17 10 14 19 22 13 6 7 11 5 9 0 4 15
4 6 11 19 255 0 10 7 15 8 5 22 14 12 255 9 21 18 16 255 13 17 20 255 255
255 255 255 255 255 18 20 16 12 8 14 10 6 7 11 9 5 0 4 15 13 17 21 22 19
12 20 16 21 22 8 18 19 17 13 255 14 15 10 9 255 255 11 6 5 255 255 7 4 0
10 19 15 14 18 6 7 11 22 21 0 5 9 13 17 4 8 12 16 20 255 255 255 255 255
255 4 6 15 10 22 0 11 19 14 21 5 7 255 18 17 9 255 8 20 13 255 255 12 16
12 8 255 255 255 16 20 18 14 10 19 15 11 7 6 255 21 22 4 0 255 17 13 9 5
12 16 6 0 4 8 20 10 5 7 255 18 14 9 11 255 255 22 13 15 255 255 21 17 19
255 255 255 255 255 16 12 8 17 21 18 14 10 13 22 20 11 7 9 5 19 15 6 4 0
255 9 5 0 4 22 13 8 6 7 21 17 12 10 11 255 255 16 14 15 255 255 20 18 19
12 8 255 255 255 20 18 14 255 255 16 19 15 11 7 22 21 10 6 4 13 17 9 5 0
4 0 10 18 16 7 5 6 14 20 11 9 255 255 12 15 13 22 255 8 19 17 21 255 255
255 255 255 21 22 255 8 12 17 13 255 18 20 16 9 19 14 10 6 5 15 11 7 4 0
255 8 18 20 22 255 12 14 16 21 255 19 10 4 17 255 15 6 0 13 255 11 7 5 9
8 255 255 255 255 12 16 20 18 255 21 17 10 14 19 22 13 6 7 11 5 9 0 4 15
4 6 11 19 255 0 10 7 15 8 5 22 14 12 255 9 21 18 16 255 13 17 20 255 255
255 255 255 255 255 18 20 16 12 8 14 10 6 7 11 9 5 0 4 15 13 17 21 22 19
12 20 16 21 22 8 18 19 17 13 255 14 15 10 9 255 255 11 6 5 255 255 7 4 0
10 19 15 14 18 6 7 11 22 21 0 5 9 13 17 4 8 12 16 20 255 255 255 255 255
255 4 6 15 10 22 0 11 19 14 21 5 7 255 18 17 9 255 8 20 13 255 255 12 16
12 8 255 255 255 16 20 18 14 10 19 15 11 7 6 255 21 22 4 0 255 17 13 9 5
12 16 6 0 4 8 20 10 5 7 255 18 14 9 11 255 255 22 13 15 255 255 21 17 19
255 255 22 21 255 5 9 13 17 255 0 6 10 255 8 4 7 14 18 12 15 11 19 20 16
8 20 18 255 22 12 16 14 255 21 255 19 10 4 17 255 15 6 0 13 255 11 7 5 9
255 255 255 8 12 255 255 18 20 16 21 22 14 10 6 17 13 9 5 0 19 15 11 7 4
255 255 5 0 4 255 255 9 6 7 255 22 13 10 11 8 21 17 14 15 12 16 20 18 19
255 255 255 255 255 16 12 8 19 15 14 10 6 7 11 18 4 0 5 9 20 22 21 17 13
255 19 17 21 18 255 15 13 22 14 255 11 9 10 20 255 7 5 6 16 255 4 0 8 12
255 255 255 255 255 16 12 8 17 21 18 14 10 13 22 20 11 7 9 5 19 15 6 4 0
255 9 5 0 4 22 13 8 6 7 21 17 12 10 11 255 255 16 14 15 255 255 20 18 19
12 8 255 255 255 20 18 14 255 255 16 19 15 11 7 22 21 10 6 4 13 17 9 5 0
4 0 10 18 16 7 5 6 14 20 11 9 255 255 12 15 13 22 255 8 19 17 21 255 255
255 255 255 21 22 255 8 12 17 13 255 18 20 16 9 19 14 10 6 5 15 11 7 4 0
255 8 18 20 22 255 12 14 16 21 255 19 10 4 17 255 15 6 0 13 255 11 7 5 9
8 255 255 255 255 12 16 20 18 255 21 17 10 14 19 22 13 6 7 11 5 9 0 4 15
4 6 11 19 255 0 10 7 15 8 5 22 14 12 255 9 21 18 16 255 13 17 20 255 255
255 255 255 255 255 18 20 16 12 8 14 10 6 7 11 9 5 0 4 15 13 17 21 22 19
12 20 16 21 22 8 18 19 17 13 255 14 15 10 9 255 255 11 6 5 255 255 7 4 0
10 19 15 14 18 6 7 11 22 21 0 5 9 13 17 4 8 12 16 20 255 255 255 255 255
255 4 6 15 10 22 0 11 19 14 21 5 7 255 18 17 9 255 8 20 13 255 255 12 16
255 21 22 255 255 255 17 13 9 5 8 255 10 6 0 12 18 14 7 4 16 20 19 11 15
8 12 22 13 9 255 16 21 17 5 255 20 10 6 0 255 18 14 7 4 255 255 19 11 15
255 255 255 255 255 19 15 8 12 16 7 11 22 21 20 5 9 13 17 18 0 4 6 10 14
255 14 10 4 7 255 18 6 0 11 255 20 15 5 22 255 16 19 9 21 8 12 255 13 17
255 255 255 255 255 8 20 18 14 10 12 16 15 19 6 17 13 9 5 0 21 22 11 7 4
255 21 22 5 0 255 17 13 9 4 255 8 10 7 6 255 12 14 11 15 255 16 18 20 19
255 255 255 8 255 255 22 21 12 16 9 13 17 18 20 5 6 10 14 19 0 4 7 11 15
18 14 12 255 8 20 10 4 22 255 16 6 0 21 255 19 7 5 17 255 15 11 9 13 255
255 255 255 8 12 255 255 14 18 20 7 11 15 19 16 4 6 10 17 21 0 5 9 13 22
6 0 4 15 19 10 5 7 11 12 14 9 18 20 16 22 13 255 255 8 21 17 255 255 255
22 21 255 255 255 13 17 12 8 255 9 16 20 18 255 5 6 10 14 19 0 4 7 11 15
19 14 22 18 255 15 10 21 20 255 11 4 17 16 255 6 0 13 12 255 7 5 9 8 255
255 255 255 255 8 255 18 20 16 12 19 14 10 21 22 11 7 6 17 13 15 4 0 5 9
255 15 11 4 10 255 19 7 0 6 255 8 14 5 22 255 12 18 9 21 255 16 20 13 17
255 8 255 255 255 20 18 14 10 255 16 12 19 15 11 17 13 9 6 7 21 22 5 0 4
17 21 19 12 255 13 22 15 16 8 9 255 11 20 255 5 4 7 18 255 0 10 6 14 255
255 8 255 255 255 16 12 21 22 255 20 18 17 13 9 19 14 10 6 5 15 11 7 4 0
10 6 0 5 9 14 7 4 22 13 18 11 15 21 17 20 16 19 255 255 255 12 8 255 255
18 20 16 255 255 14 10 12 8 255 7 11 15 255 255 4 6 19 22 21 0 5 9 13 17
0 5 6 19 255 4 9 15 10 255 7 13 11 14 255 22 17 12 18 255 21 8 16 20 255
255 21 22 255 255 255 17 13 9 5 8 255 10 6 0 12 18 14 7 4 16 20 19 11 15
8 12 22 13 9 255 16 21 17 5 255 20 10 6 0 255 18 14 7 4 255 255 19 11 15
255 255 255 255 255 19 15 8 12 16 7 11 22 21 20 5 9 13 17 18 0 4 6 10 14
255 14 10 4 7 255 18 6 0 11 255 20 15 5 22 255 16 19 9 21 8 12 255 13 17
255 255 255 255 255 8 20 18 14 10 12 16 15 19 6 17 13 9 5 0 21 22 11 7 4
255 21 22 5 0 255 17 13 9 4 255 8 10 7 6 255 12 14 11 15 255 16 18 20 19
255 255 255 8 255 255 22 21 12 16 9 13 17 18 20 5 6 10 14 19 0 4 7 11 15
18 14 12 255 8 20 10 4 22 255 16 6 0 21 255 19 7 5 17 255 15 11 9 13 255
255 255 255 8 12 255 255 14 18 20 7 11 15 19 16 4 6 10 17 21 0 5 9 13 22
6 0 4 15 19 10 5 7 11 12 14 9 18 20 16 22 13 255 255 8 21 17 255 255 255
22 21 255 255 255 13 17 12 8 255 9 16 20 18 255 5 6 10 14 19 0 4 7 11 15
19 14 22 18 255 15 10 21 20 255 11 4 17 16 255 6 0 13 12 255 7 5 9 8 255
255 255 255 255 255 18 20 16 12 8 14 10 6 7 11 9 5 0 4 15 13 17 21 22 19
12 20 16 21 22 8 18 19 17 13 255 14 15 10 9 255 255 11 6 5 255 255 7 4 0
10 19 15 14 18 6 7 11 22 21 0 5 9 13 17 4 8 12 16 20 255 255 255 255 255
255 4 6 15 10 22 0 11 19 14 21 5 7 255 18 17 9 255 8 20 13 255 255 12 16
12 8 255 255 255 16 20 18 14 10 19 15 11 7 6 255 21 22 4 0 255 17 13 9 5
12 16 6 0 4 8 20 10 5 7 255 18 14 9 11 255 255 22 13 15 255 255 21 17 19
255 255 22 21 255 5 9 13 17 255 0 6 10 255 8 4 7 14 18 12 15 11 19 20 16
8 20 18 255 22 12 16 14 255 21 255 19 10 4 17 255 15 6 0 13 255 11 7 5 9
255 255 255 8 12 255 255 18 20 16 21 22 14 10 6 17 13 9 5 0 19 15 11 7 4
255 255 5 0 4 255 255 9 6 7 255 22 13 10 11 8 21 17 14 15 12 16 20 18 19
255 255 255 255 255 16 12 8 19 15 14 10 6 7 11 18 4 0 5 9 20 22 21 17 13
255 19 17 21 18 255 15 13 22 14 255 11 9 10 20 255 7 5 6 16 255 4 0 8 12
255 255 255 255 255 16 12 8 17 21 18 14 10 13 22 20 11 7 9 5 19 15 6 4 0
255 9 5 0 4 22 13 8 6 7 21 17 12 10 11 255 255 16 14 15 255 255 20 18 19
12 8 255 255 255 20 18 14 255 255 16 19 15 11 7 22 21 10 6 4 13 17 9 5 0
4 0 10 18 16 7 5 6 14 20 11 9 255 255 12 15 13 22 255 8 19 17 21 255 255
255 255 255 21 22 255 8 12 17 13 255 18 20 16 9 19 14 10 6 5 15 11 7 4 0
255 8 18 20 22 255 12 14 16 21 255 19 10 4 17 255 15 6 0 13 255 11 7 5 9
8 255 255 255 255 12 16 20 18 255 21 17 10 14 19 22 13 6 7 11 5 9 0 4 15
4 6 11 19 255 0 10 7 15 8 5 22 14 12 255 9 21 18 16 255 13 17 20 255 255
255 255 255 255 255 18 20 16 12 8 14 10 6 7 11 9 5 0 4 15 13 17 21 22 19
12 20 16 21 22 8 18 19 17 13 255 14 15 10 9 255 255 11 6 5 255 255 7 4 0
10 19 15 14 18 6 7 11 22 21 0 5 9 13 17 4 8 12 16 20 255 255 255 255 255
255 4 6 15 10 22 0 11 19 14 21 5 7 255 18 17 9 255 8 20 13 255 255 12 16
12 8 255 255 255 16 20 18 14 10 19 15 11 7 6 255 21 22 4 0 255 17 13 9 5
12 16 6 0 4 8 20 10 5 7 255 18 14 9 11 255 255 22 13 15 255 255 21 17 19
255 255 22 21 255 5 9 13 17 255 0 6 10 255 8 4 7 14 18 12 15 11 19 20 16
8 20 18 255 22 12 16 14 255 21 255 19 10 4 17 255 15 6 0 13 255 11 7 5 9
255 255 255 8 12 255 255 18 20 16 21 22 14 10 6 17 13 9 5 0 19 15 11 7 4
255 255 5 0 4 255 255 9 6 7 255 22 13 10 11 8 21 17 14 15 12 16 20 18 19
255 255 255 255 255 16 12 8 19 15 14 10 6 7 11 18 4 0 5 9 20 22 21 17 13
255 19 17 21 18 255 15 13 22 14 255 11 9 10 20 255 7 5 6 16 255 4 0 8 12
255 255 22 21 255 5 9 13 17 255 0 6 10 255 8 4 7 14 18 12 15 11 19 20 16
8 20 18 255 22 12 16 14 255 21 255 19 10 4 17 255 15 6 0 13 255 11 7 5 9
255 255 255 8 12 255 255 18 20 16 21 22 14 10 6 17 13 9 5 0 19 15 11 7 4
255 255 5 0 4 255 255 9 6 7 255 22 13 10 11 8 21 17 14 15 12 16 20 18 19
255 255 255 255 255 16 12 8 19 15 14 10 6 7 11 18 4 0 5 9 20 22 21 17 13
255 19 17 21 18 255 15 13 22 14 255 11 9 10 20 255 7 5 6 16 255 4 0 8 12
255 255 255 255 255 16 12 8 17 21 18 14 10 13 22 20 11 7 9 5 19 15 6 4 0
255 9 5 0 4 22 13 8 6 7 21 17 12 10 11 255 255 16 14 15 255 255 20 18 19
12 8 255 255 255 20 18 14 255 255 16 19 15 11 7 22 21 10 6 4 13 17 9 5 0
4 0 10 18 16 7 5 6 14 20 11 9 255 255 12 15 13 22 255 8 19 17 21 255 255
255 255 255 21 22 255 8 12 17 13 255 18 20 16 9 19 14 10 6 5 15 11 7 4 0
255 8 18 20 22 255 12 14 16 21 255 19 10 4 17 255 15 6 0 13 255 11 7 5 9
8 255 255 255 255 12 16 20 18 255 21 17 10 14 19 22 13 6 7 11 5 9 0 4 15
4 6 11 19 255 0 10 7 15 8 5 22 14 12 255 9 21 18 16 255 13 17 20 255 255
255 255 255 255 255 18 20 16 12 8 14 10 6 7 11 9 5 0 4 15 13 17 21 22 19
12 20 16 21 22 8 18 19 17 13 255 14 15 10 9 255 255 11 6 5 255 255 7 4 0
10 19 15 14 18 6 7 11 22 21 0 5 9 13 17 4 8 12 16 20 255 255 255 255 255
255 4 6 15 10 22 0 11 19 14 21 5 7 255 18 17 9 255 8 20 13 255 255 12 16
12 8 255 255 255 16 20 18 14 10 19 15 11 7 6 255 21 22 4 0 255 17 13 9 5
12 16 6 0 4 8 20 10 5 7 255 18 14 9 11 255 255 22 13 15 255 255 21 17 19
255 255 22 21 255 5 9 13 17 255 0 6 10 255 8 4 7 14 18 12 15 11 19 20 16
8 20 18 255 22 12 16 14 255 21 255 19 10 4 17 255 15 6 0 13 255 11 7 5 9
255 255 255 8 12 255 255 18 20 16 21 22 14 10 6 17 13 9 5 0 19 15 11 7 4
255 255 5 0 4 255 255 9 6 7 255 22 13 10 11 8 21 17 14 15 12 16 20 18 19
255 255 255 255 255 16 12 8 19 15 14 10 6 7 11 18 4 0 5 9 20 22 21 17 13
255 19 17 21 18 255 15 13 22 14 255 11 9 10 20 255 7 5 6 16 255 4 0 8 12
255 255 255 255 255 16 12 8 17 21 18 14 10 13 22 20 11 7 9 5 19 15 6 4 0
255 9 5 0 4 22 13 8 6 7 21 17 12 10 11 255 255 16 14 15 255 255 20 18 19
12 8 255 255 255 20 18 14 255 255 16 19 15 11 7 22 21 10 6 4 13 17 9 5 0
4 0 10 18 16 7 5 6 14 20 11 9 255 255 12 15 13 22 255 8 19 17 21 255 255
255 255 255 21 22 255 8 12 17 13 255 18 20 16 9 19 14 10 6 5 15 11 7 4 0
255 8 18 20 22 255 12 14 16 21 255 19 10 4 17 255 15 6 0 13 255 11 7 5 9
255 255 255 8 12 10 14 18 20 16 6 7 11 15 19 0 5 9 13 17 4 255 255 22 21
21 13 5 4 7 22 17 9 0 11 255 12 16 6 15 255 8 20 10 19 255 255 18 14 255
12 8 255 255 255 16 21 22 255 255 20 17 13 9 5 18 14 10 6 0 19 15 11 7 4
255 11 7 9 5 255 15 22 13 0 255 19 21 17 4 255 8 20 18 6 255 12 16 14 10
255 255 255 8 12 10 14 18 20 16 6 7 11 15 19 0 4 22 21 255 5 9 13 17 255
12 16 4 0 10 8 20 7 5 6 255 18 11 9 14 255 255 15 13 22 255 255 19 17 21
21 22 14 10 6 17 13 9 5 0 255 255 18 7 4 255 255 20 11 15 255 8 16 12 19
255 22 13 9 5 255 21 17 6 0 255 8 10 7 4 255 12 14 11 15 255 16 18 20 19
8 255 255 255 255 16 20 18 14 255 12 22 21 10 19 9 13 17 7 11 5 0 4 6 15
14 10 4 7 15 18 6 0 11 19 20 255 5 22 255 16 8 9 21 255 12 255 13 17 255
255 255 255 8 255 255 10 14 18 20 11 15 19 12 16 7 6 9 13 17 4 0 5 22 21
21 22 5 0 4 17 13 9 6 7 255 8 12 10 11 255 255 16 14 15 255 255 20 18 19
255 255 255 255 255 22 21 8 12 16 13 17 10 14 18 9 6 7 11 20 5 0 4 15 19
14 20 18 16 255 10 4 22 12 255 6 0 21 8 255 7 5 17 19 255 11 9 13 15 255
255 255 255 8 12 255 255 14 18 20 7 11 15 19 16 4 6 10 21 22 0 5 9 17 13
255 10 6 0 4 255 14 19 5 7 255 18 15 9 11 255 20 16 13 22 255 8 12 17 21
21 17 255 255 255 22 13 8 255 255 5 9 12 16 20 0 6 10 14 18 4 7 11 15 19
11 22 15 18 16 7 21 19 14 20 4 17 10 255 12 0 13 6 255 8 5 9 255 255 255
255 255 255 255 8 255 14 18 20 16 19 10 21 22 12 11 7 17 13 9 15 6 4 0 5
255 10 6 0 5 255 14 7 4 9 255 18 11 22 13 8 20 15 21 17 12 16 19 255 255
255 255 255 8 12 10 14 18 20 16 6 7 11 15 19 0 5 9 13 17 4 255 255 22 21
21 13 5 4 7 22 17 9 0 11 255 12 16 6 15 255 8 20 10 19 255 255 18 14 255
12 8 255 255 255 16 21 22 255 255 20 17 13 9 5 18 14 10 6 0 19 15 11 7 4
255 11 7 9 5 255 15 22 13 0 255 19 21 17 4 255 8 20 18 6 255 12 16 14 10
255 255 255 8 12 10 14 18 20 16 6 7 11 15 19 0 4 22 21 255 5 9 13 17 255
12 16 4 0 10 8 20 7 5 6 255 18 11 9 14 255 255 15 13 22 255 255 19 17 21
21 22 14 10 6 17 13 9 5 0 255 255 18 7 4 255 255 20 11 15 255 8 16 12 19
255 22 13 9 5 255 21 17 6 0 255 8 10 7 4 255 12 14 11 15 255 16 18 20 19
8 255 255 255 255 16 20 18 14 255 12 22 21 10 19 9 13 17 7 11 5 0 4 6 15
14 10 4 7 15 18 6 0 11 19 20 255 5 22 255 16 8 9 21 255 12 255 13 17 255
255 255 255 8 255 255 10 14 18 20 11 15 19 12 16 7 6 9 13 17 4 0 5 22 21
21 22 5 0 4 17 13 9 6 7 255 8 12 10 11 255 255 16 14 15 255 255 20 18 19
255 4 0 10 18 255 7 5 6 14 255 11 9 8 20 255 15 13 22 16 255 19 17 21 12
255 255 255 17 21 255 255 8 13 22 20 16 12 9 5 18 14 10 6 0 19 15 11 7 4
22 13 9 5 0 21 17 16 6 4 255 12 20 10 7 255 8 18 14 11 255 255 255 19 15
8 255 255 255 255 12 16 20 18 255 22 21 10 14 19 13 17 6 7 11 9 5 0 4 15
10 4 7 15 255 6 0 11 19 255 14 5 22 8 255 18 9 21 12 255 20 13 17 16 255
255 255 255 255 8 14 18 20 16 12 10 6 7 11 15 5 0 4 255 19 9 13 17 21 22
255 20 16 17 21 8 18 12 13 22 255 14 19 9 5 255 10 15 6 0 255 255 11 7 4
255 255 255 255 255 21 17 8 12 16 22 13 10 14 18 5 9 7 11 20 0 4 6 15 19
7 255 11 19 12 4 22 15 16 8 0 21 6 20 255 5 17 10 18 255 9 13 14 255 255
255 20 18 14 10 12 16 11 7 6 8 19 15 4 0 255 255 21 22 5 255 255 17 13 9
18 14 7 4 0 20 10 11 6 5 16 12 15 19 9 255 8 255 22 13 255 255 255 21 17
6 7 11 22 21 0 5 9 13 17 4 19 15 255 255 10 255 255 255 8 14 18 20 16 12
22 14 10 19 18 21 4 6 15 20 17 0 11 255 16 13 5 7 255 12 9 255 255 255 8
255 255 255 255 255 16 12 8 15 19 20 21 22 11 7 18 17 13 9 5 14 10 6 4 0
255 19 7 5 0 255 15 11 9 4 255 8 22 13 6 255 12 21 17 10 255 16 20 18 14
255 255 255 255 255 15 19 8 12 16 11 7 14 18 20 4 0 5 9 13 10 6 22 21 17
255 8 19 17 21 255 12 15 13 22 255 16 11 9 10 255 20 7 5 6 255 18 4 0 14
8 12 18 20 16 21 22 14 10 6 17 13 9 5 0 255 255 255 7 4 255 255 19 11 15
255 255 9 5 0 255 22 13 6 4 255 21 17 10 7 8 12 18 14 11 255 16 20 19 15
10 14 18 20 255 6 7 11 16 12 0 4 15 19 8 5 22 21 255 255 9 13 17 255 255
255 4 0 10 18 255 7 5 6 14 255 11 9 8 20 255 15 13 22 16 255 19 17 21 12
255 255 255 17 21 255 255 8 13 22 20 16 12 9 5 18 14 10 6 0 19 15 11 7 4
22 13 9 5 0 21 17 16 6 4 255 12 20 10 7 255 8 18 14 11 255 255 255 19 15
8 255 255 255 255 12 16 20 18 255 22 21 10 14 19 13 17 6 7 11 9 5 0 4 15
10 4 7 15 255 6 0 11 19 255 14 5 22 8 255 18 9 21 12 255 20 13 17 16 255
255 255 255 255 8 14 18 20 16 12 10 6 7 11 15 5 0 4 255 19 9 13 17 21 22
255 20 16 17 21 8 18 12 13 22 255 14 19 9 5 255 10 15 6 0 255 255 11 7 4
255 255 255 255 255 21 17 8 12 16 22 13 10 14 18 5 9 7 11 20 0 4 6 15 19
7 255 11 19 12 4 22 15 16 8 0 21 6 20 255 5 17 10 18 255 9 13 14 255 255
255 20 18 14 10 12 16 11 7 6 8 19 15 4 0 255 255 21 22 5 255 255 17 13 9
18 14 7 4 0 20 10 11 6 5 16 12 15 19 9 255 8 255 22 13 255 255 255 21 17
6 7 11 22 21 0 5 9 13 17 4 19 15 255 255 10 255 255 255 8 14 18 20 16 12
255 8 255 255 255 16 12 21 22 255 20 18 17 13 9 19 14 10 6 5 15 11 7 4 0
10 6 0 5 9 14 7 4 22 13 18 11 15 21 17 20 16 19 255 255 255 12 8 255 255
18 20 16 255 255 14 10 12 8 255 7 11 15 255 255 4 6 19 22 21 0 5 9 13 17
0 5 6 19 255 4 9 15 10 255 7 13 11 14 255 22 17 12 18 255 21 8 16 20 255
255 21 22 255 255 255 17 13 9 5 8 255 10 6 0 12 18 14 7 4 16 20 19 11 15
8 12 22 13 9 255 16 21 17 5 255 20 10 6 0 255 18 14 7 4 255 255 19 11 15
255 255 255 255 255 19 15 8 12 16 7 11 22 21 20 5 9 13 17 18 0 4 6 10 14
255 14 10 4 7 255 18 6 0 11 255 20 15 5 22 255 16 19 9 21 8 12 255 13 17
255 255 255 255 255 8 20 18 14 10 12 16 15 19 6 17 13 9 5 0 21 22 11 7 4
255 21 22 5 0 255 17 13 9 4 255 8 10 7 6 255 12 14 11 15 255 16 18 20 19
255 255 255 8 255 255 22 21 12 16 9 13 17 18 20 5 6 10 14 19 0 4 7 11 15
18 14 12 255 8 20 10 4 22 255 16 6 0 21 255 19 7 5 17 255 15 11 9 13 255
255 255 255 8 12 255 255 14 18 20 7 11 15 19 16 4 6 10 17 21 0 5 9 13 22
6 0 4 15 19 10 5 7 11 12 14 9 18 20 16 22 13 255 255 8 21 17 255 255 255
22 21 255 255 255 13 17 12 8 255 9 16 20 18 255 5 6 10 14 19 0 4 7 11 15
19 14 22 18 255 15 10 21 20 255 11 4 17 16 255 6 0 13 12 255 7 5 9 8 255
255 255 255 255 8 255 18 20 16 12 19 14 10 21 22 11 7 6 17 13 15 4 0 5 9
255 15 11 4 10 255 19 7 0 6 255 8 14 5 22 255 12 18 9 21 255 16 20 13 17
255 8 255 255 255 20 18 14 10 255 16 12 19 15 11 17 13 9 6 7 21 22 5 0 4
17 21 19 12 255 13 22 15 16 8 9 255 11 20 255 5 4 7 18 255 0 10 6 14 255
255 8 255 255 255 16 12 21 22 255 20 18 17 13 9 19 14 10 6 5 15 11 7 4 0
10 6 0 5 9 14 7 4 22 13 18 11 15 21 17 20 16 19 255 255 255 12 8 255 255
18 20 16 255 255 14 10 12 8 255 7 11 15 255 255 4 6 19 22 21 0 5 9 13 17
0 5 6 19 255 4 9 15 10 255 7 13 11 14 255 22 17 12 18 255 21 8 16 20 255
255 21 22 255 255 255 17 13 9 5 8 255 10 6 0 12 18 14 7 4 16 20 19 11 15
8 12 22 13 9 255 16 21 17 5 255 20 10 6 0 255 18 14 7 4 255 255 19 11 15
255 255 255 255 255 19 15 8 12 16 7 11 22 21 20 5 9 13 17 18 0 4 6 10 14
255 14 10 4 7 255 18 6 0 11 255 20 15 5 22 255 16 19 9 21 8 12 255 13 17
255 255 255 255 255 8 20 18 14 10 12 16 15 19 6 17 13 9 5 0 21 22 11 7 4
255 21 22 5 0 255 17 13 9 4 255 8 10 7 6 255 12 14 11 15 255 16 18 20 19
255 255 255 8 255 255 22 21 12 16 9 13 17 18 20 5 6 10 14 19 0 4 7 11 15
18 14 12 255 8 20 10 4 22 255 16 6 0 21 255 19 7 5 17 255 15 11 9 13 255
255 255 255 8 255 255 10 14 18 20 11 15 19 12 16 7 6 9 13 17 4 0 5 22 21
21 22 5 0 4 17 13 9 6 7 255 8 12 10 11 255 255 16 14 15 255 255 20 18 19
255 255 255 255 255 22 21 8 12 16 13 17 10 14 18 9 6 7 11 20 5 0 4 15 19
14 20 18 16 255 10 4 22 12 255 6 0 21 8 255 7 5 17 19 255 11 9 13 15 255
255 255 255 8 12 255 255 14 18 20 7 11 15 19 16 4 6 10 21 22 0 5 9 17 13
255 10 6 0 4 255 14 19 5 7 255 18 15 9 11 255 20 16 13 22 255 8 12 17 21
21 17 255 255 255 22 13 8 255 255 5 9 12 16 20 0 6 10 14 18 4 7 11 15 19
11 22 15 18 16 7 21 19 14 20 4 17 10 255 12 0 13 6 255 8 5 9 255 255 255
255 255 255 255 8 255 14 18 20 16 19 10 21 22 12 11 7 17 13 9 15 6 4 0 5
255 10 6 0 5 255 14 7 4 9 255 18 11 22 13 8 20 15 21 17 12 16 19 255 255
255 255 255 8 12 10 14 18 20 16 6 7 11 15 19 0 5 9 13 17 4 255 255 22 21
21 13 5 4 7 22 17 9 0 11 255 12 16 6 15 255 8 20 10 19 255 255 18 14 255
12 8 255 255 255 16 21 22 255 255 20 17 13 9 5 18 14 10 6 0 19 15 11 7 4
255 11 7 9 5 255 15 22 13 0 255 19 21 17 4 255 8 20 18 6 255 12 16 14 10
255 255 255 8 12 10 14 18 20 16 6 7 11 15 19 0 4 22 21 255 5 9 13 17 255
12 16 4 0 10 8 20 7 5 6 255 18 11 9 14 255 255 15 13 22 255 255 19 17 21
21 22 14 10 6 17 13 9 5 0 255 255 18 7 4 255 255 20 11 15 255 8 16 12 19
255 22 13 9 5 255 21 17 6 0 255 8 10 7 4 255 12 14 11 15 255 16 18 20 19
8 255 255 255 255 16 20 18 14 255 12 22 21 10 19 9 13 17 7 11 5 0 4 6 15
14 10 4 7 15 18 6 0 11 19 20 255 5 22 255 16 8 9 21 255 12 255 13 17 255
255 255 255 8 255 255 10 14 18 20 11 15 19 12 16 7 6 9 13 17 4 0 5 22 21
21 22 5 0 4 17 13 9 6 7 255 8 12 10 11 255 255 16 14 15 255 255 20 18 19
255 255 255 255 255 22 21 8 12 16 13 17 10 14 18 9 6 7 11 20 5 0 4 15 19
14 20 18 16 255 10 4 22 12 255 6 0 21 8 255 7 5 17 19 255 11 9 13 15 255
255 255 255 8 12 255 255 14 18 20 7 11 15 19 16 4 6 10 21 22 0 5 9 17 13
255 10 6 0 4 255 14 19 5 7 255 18 15 9 11 255 20 16 13 22 255 8 12 17 21
21 17 255 255 255 22 13 8 255 255 5 9 12 16 20 0 6 10 14 18 4 7 11 15 19
11 22 15 18 16 7 21 19 14 20 4 17 10 255 12 0 13 6 255 8 5 9 255 255 255
255 255 255 255 8 255 14 18 20 16 19 10 21 22 12 11 7 17 13 9 15 6 4 0 5
255 10 6 0 5 255 14 7 4 9 255 18 11 22 13 8 20 15 21 17 12 16 19 255 255
255 255 255 8 12 10 14 18 20 16 6 7 11 15 19 0 5 9 13 17 4 255 255 22 21
21 13 5 4 7 22 17 9 0 11 255 12 16 6 15 255 8 20 10 19 255 255 18 14 255
255 8 18 20 22 255 12 14 16 21 255 19 10 4 17 255 15 6 0 13 255 11 7 5 9
8 255 255 255 255 12 16 20 18 255 21 17 10 14 19 22 13 6 7 11 5 9 0 4 15
4 6 11 19 255 0 10 7 15 8 5 22 14 12 255 9 21 18 16 255 13 17 20 255 255
255 255 255 255 255 18 20 16 12 8 14 10 6 7 11 9 5 0 4 15 13 17 21 22 19
12 20 16 21 22 8 18 19 17 13 255 14 15 10 9 255 255 11 6 5 255 255 7 4 0
10 19 15 14 18 6 7 11 22 21 0 5 9 13 17 4 8 12 16 20 255 255 255 255 255
255 4 6 15 10 22 0 11 19 14 21 5 7 255 18 17 9 255 8 20 13 255 255 12 16
12 8 255 255 255 16 20 18 14 10 19 15 11 7 6 255 21 22 4 0 255 17 13 9 5
12 16 6 0 4 8 20 10 5 7 255 18 14 9 11 255 255 22 13 15 255 255 21 17 19
255 255 22 21 255 5 9 13 17 255 0 6 10 255 8 4 7 14 18 12 15 11 19 20 16
8 20 18 255 22 12 16 14 255 21 255 19 10 4 17 255 15 6 0 13 255 11 7 5 9
255 255 255 8 12 255 255 18 20 16 21 22 14 10 6 17 13 9 5 0 19 15 11 7 4
255 255 5 0 4 255 255 9 6 7 255 22 13 10 11 8 21 17 14 15 12 16 20 18 19
255 255 255 255 255 16 12 8 19 15 14 10 6 7 11 18 4 0 5 9 20 22 21 17 13
255 19 17 21 18 255 15 13 22 14 255 11 9 10 20 255 7 5 6 16 255 4 0 8 12
255 255 255 255 255 16 12 8 17 21 18 14 10 13 22 20 11 7 9 5 19 15 6 4 0
255 9 5 0 4 22 13 8 6 7 21 17 12 10 11 255 255 16 14 15 255 255 20 18 19
12 8 255 255 255 20 18 14 255 255 16 19 15 11 7 22 21 10 6 4 13 17 9 5 0
4 0 10 18 16 7 5 6 14 20 11 9 255 255 12 15 13 22 255 8 19 17 21 255 255
255 255 255 21 22 255 8 12 17 13 255 18 20 16 9 19 14 10 6 5 15 11 7 4 0
255 8 18 20 22 255 12 14 16 21 255 19 10 4 17 255 15 6 0 13 255 11 7 5 9
8 255 255 255 255 12 16 20 18 255 21 17 10 14 19 22 13 6 7 11 5 9 0 4 15
4 6 11 19 255 0 10 7 15 8 5 22 14 12 255 9 21 18 16 255 13 17 20 255 255
255 255 255 255 255 18 20 16 12 8 14 10 6 7 11 9 5 0 4 15 13 17 21 22 19
12 20 16 21 22 8 18 19 17 13 255 14 15 10 9 255 255 11 6 5 255 255 7 4 0
10 19 15 14 18 6 7 11 22 21 0 5 9 13 17 4 8 12 16 20 255 255 255 255 255
255 4 6 15 10 22 0 11 19 14 21 5 7 255 18 17 9 255 8 20 13 255 255 12 16
12 8 255 255 255 16 20 18 14 10 19 15 11 7 6 255 21 22 4 0 255 17 13 9 5
12 16 6 0 4 8 20 10 5 7 255 18 14 9 11 255 255 22 13 15 255 255 21 17 19
255 255 22 21 255 5 9 13 17 255 0 6 10 255 8 4 7 14 18 12 15 11 19 20 16
8 20 18 255 22 12 16 14 255 21 255 19 10 4 17 255 15 6 0 13 255 11 7 5 9
255 255 255 8 12 255 255 18 20 16 21 22 14 10 6 17 13 9 5 0 19 15 11 7 4
255 16 14 18 20 255 12 10 4 22 255 8 6 0 21 255 19 7 5 17 255 15 11 9 13
12 8 255 255 255 20 18 14 255 255 16 19 15 11 7 21 17 10 6 4 22 13 9 5 0
0 10 6 14 255 5 4 7 18 255 9 255 11 20 255 13 22 15 16 8 17 21 19 12 255
255 255 21 22 255 255 255 17 13 9 20 16 12 8 5 18 14 10 6 0 19 15 11 7 4
12 20 16 22 13 8 18 19 21 17 255 14 15 10 9 255 255 11 6 5 255 255 7 4 0
14 18 20 16 255 10 19 15 12 8 6 7 11 22 21 0 5 9 13 17 4 255 255 255 255
4 0 11 19 255 7 5 6 15 255 22 9 10 8 255 21 13 14 12 255 17 20 18 16 255
255 255 255 255 255 16 12 8 19 15 20 18 14 7 11 13 9 5 0 4 17 21 22 6 10
8 12 21 22 5 255 16 17 13 9 255 20 10 6 0 255 18 14 7 4 255 255 19 11 15
255 255 255 8 12 255 255 22 21 16 5 9 13 17 20 0 6 10 14 18 4 7 11 15 19
255 18 14 255 255 8 20 10 4 22 12 16 6 0 21 255 19 7 5 17 255 15 11 9 13
255 255 16 20 18 255 8 12 10 14 255 255 15 11 7 21 22 19 6 4 17 13 9 5 0
16 6 0 4 15 20 10 5 7 11 18 14 9 255 19 12 22 13 255 255 8 21 17 255 255
255 22 21 255 255 9 13 17 255 255 5 7 11 12 8 0 6 15 16 20 4 10 19 14 18
20 18 8 22 255 16 14 12 21 255 19 10 4 17 255 15 6 0 13 255 11 7 5 9 255
255 255 255 255 8 255 18 20 16 12 19 14 10 17 21 11 7 6 13 22 15 4 0 9 5
255 5 0 4 15 255 9 6 7 11 22 13 10 14 19 21 17 255 18 20 255 255 8 12 16
255 255 255 255 255 8 12 19 15 11 18 14 10 6 7 20 16 4 0 5 22 21 17 13 9
19 17 21 18 16 15 13 22 14 20 11 9 10 255 12 7 5 6 255 8 4 0 255 255 255
255 255 255 255 255 16 12 8 21 22 18 14 10 17 13 20 11 7 6 9 19 15 4 0 5
255 16 14 18 20 255 12 10 4 22 255 8 6 0 21 255 19 7 5 17 255 15 11 9 13
12 8 255 255 255 20 18 14 255 255 16 19 15 11 7 21 17 10 6 4 22 13 9 5 0
0 10 6 14 255 5 4 7 18 255 9 255 11 20 255 13 22 15 16 8 17 21 19 12 255
255 255 21 22 255 255 255 17 13 9 20 16 12 8 5 18 14 10 6 0 19 15 11 7 4
12 20 16 22 13 8 18 19 21 17 255 14 15 10 9 255 255 11 6 5 255 255 7 4 0
14 18 20 16 255 10 19 15 12 8 6 7 11 22 21 0 5 9 13 17 4 255 255 255 255
4 0 11 19 255 7 5 6 15 255 22 9 10 8 255 21 13 14 12 255 17 20 18 16 255
255 255 255 255 255 16 12 8 19 15 20 18 14 7 11 13 9 5 0 4 17 21 22 6 10
8 12 21 22 5 255 16 17 13 9 255 20 10 6 0 255 18 14 7 4 255 255 19 11 15
255 255 255 8 12 255 255 22 21 16 5 9 13 17 20 0 6 10 14 18 4 7 11 15 19
255 18 14 255 255 8 20 10 4 22 12 16 6 0 21 255 19 7 5 17 255 15 11 9 13
255 255 16 20 18 255 8 12 10 14 255 255 15 11 7 21 22 19 6 4 17 13 9 5 0
255 4 0 10 18 255 7 5 6 14 255 11 9 8 20 255 15 13 22 16 255 19 17 21 12
255 255 255 17 21 255 255 8 13 22 20 16 12 9 5 18 14 10 6 0 19 15 11 7 4
22 13 9 5 0 21 17 16 6 4 255 12 20 10 7 255 8 18 14 11 255 255 255 19 15
8 255 255 255 255 12 16 20 18 255 22 21 10 14 19 13 17 6 7 11 9 5 0 4 15
10 4 7 15 255 6 0 11 19 255 14 5 22 8 255 18 9 21 12 255 20 13 17 16 255
255 255 255 255 8 14 18 20 16 12 10 6 7 11 15 5 0 4 255 19 9 13 17 21 22
255 20 16 17 21 8 18 12 13 22 255 14 19 9 5 255 10 15 6 0 255 255 11 7 4
255 255 255 255 255 21 17 8 12 16 22 13 10 14 18 5 9 7 11 20 0 4 6 15 19
7 255 11 19 12 4 22 15 16 8 0 21 6 20 255 5 17 10 18 255 9 13 14 255 255
255 20 18 14 10 12 16 11 7 6 8 19 15 4 0 255 255 21 22 5 255 255 17 13 9
18 14 7 4 0 20 10 11 6 5 16 12 15 19 9 255 8 255 22 13 255 255 255 21 17
6 7 11 22 21 0 5 9 13 17 4 19 15 255 255 10 255 255 255 8 14 18 20 16 12
22 14 10 19 18 21 4 6 15 20 17 0 11 255 16 13 5 7 255 12 9 255 255 255 8
255 255 255 255 255 16 12 8 15 19 20 21 22 11 7 18 17 13 9 5 14 10 6 4 0
255 19 7 5 0 255 15 11 9 4 255 8 22 13 6 255 12 21 17 10 255 16 20 18 14
255 255 255 255 255 15 19 8 12 16 11 7 14 18 20 4 0 5 9 13 10 6 22 21 17
255 8 19 17 21 255 12 15 13 22 255 16 11 9 10 255 20 7 5 6 255 18 4 0 14
8 12 18 20 16 21 22 14 10 6 17 13 9 5 0 255 255 255 7 4 255 255 19 11 15
255 255 9 5 0 255 22 13 6 4 255 21 17 10 7 8 12 18 14 11 255 16 20 19 15
10 14 18 20 255 6 7 11 16 12 0 4 15 19 8 5 22 21 255 255 9 13 17 255 255
255 4 0 10 18 255 7 5 6 14 255 11 9 8 20 255 15 13 22 16 255 19 17 21 12
255 255 255 17 21 255 255 8 13 22 20 16 12 9 5 18 14 10 6 0 19 15 11 7 4
22 13 9 5 0 21 17 16 6 4 255 12 20 10 7 255 8 18 14 11 255 255 255 19 15
8 255 255 255 255 12 16 20 18 255 22 21 10 14 19 13 17 6 7 11 9 5 0 4 15
10 4 7 15 255 6 0 11 19 255 14 5 22 8 255 18 9 21 12 255 20 13 17 16 255
255 255 255 255 8 14 18 20 16 12 10 6 7 11 15 5 0 4 255 19 9 13 17 21 22
255 20 16 17 21 8 18 12 13 22 255 14 19 9 5 255 10 15 6 0 255 255 11 7 4
255 255 255 255 255 21 17 8 12 16 22 13 10 14 18 5 9 7 11 20 0 4 6 15 19
7 255 11 19 12 4 22 15 16 8 0 21 6 20 255 5 17 10 18 255 9 13 14 255 255
255 20 18 14 10 12 16 11 7 6 8 19 15 4 0 255 255 21 22 5 255 255 17 13 9
18 14 7 4 0 20 10 11 6 5 16 12 15 19 9 255 8 255 22 13 255 255 255 21 17
6 7 11 22 21 0 5 9 13 17 4 19 15 255 255 10 255 255 255 8 14 18 20 16 12
10 19 15 14 18 6 7 11 22 21 0 5 9 13 17 4 8 12 16 20 255 255 255 255 255
255 4 6 15 10 22 0 11 19 14 21 5 7 255 18 17 9 255 8 20 13 255 255 12 16
12 8 255 255 255 16 20 18 14 10 19 15 11 7 6 255 21 22 4 0 255 17 13 9 5
12 16 6 0 4 8 20 10 5 7 255 18 14 9 11 255 255 22 13 15 255 255 21 17 19
255 255 22 21 255 5 9 13 17 255 0 6 10 255 8 4 7 14 18 12 15 11 19 20 16
8 20 18 255 22 12 16 14 255 21 255 19 10 4 17 255 15 6 0 13 255 11 7 5 9
255 255 255 8 12 255 255 18 20 16 21 22 14 10 6 17 13 9 5 0 19 15 11 7 4
255 255 5 0 4 255 255 9 6 7 255 22 13 10 11 8 21 17 14 15 12 16 20 18 19
255 255 255 255 255 16 12 8 19 15 14 10 6 7 11 18 4 0 5 9 20 22 21 17 13
255 19 17 21 18 255 15 13 22 14 255 11 9 10 20 255 7 5 6 16 255 4 0 8 12
255 255 255 255 255 16 12 8 17 21 18 14 10 13 22 20 11 7 9 5 19 15 6 4 0
255 9 5 0 4 22 13 8 6 7 21 17 12 10 11 255 255 16 14 15 255 255 20 18 19
12 8 255 255 255 20 18 14 255 255 16 19 15 11 7 22 21 10 6 4 13 17 9 5 0
4 0 10 18 16 7 5 6 14 20 11 9 255 255 12 15 13 22 255 8 19 17 21 255 255
255 255 255 21 22 255 8 12 17 13 255 18 20 16 9 19 14 10 6 5 15 11 7 4 0
255 8 18 20 22 255 12 14 16 21 255 19 10 4 17 255 15 6 0 13 255 11 7 5 9
8 255 255 255 255 12 16 20 18 255 21 17 10 14 19 22 13 6 7 11 5 9 0 4 15
4 6 11 19 255 0 10 7 15 8 5 22 14 12 255 9 21 18 16 255 13 17 20 255 255
255 255 255 255 255 18 20 16 12 8 14 10 6 7 11 9 5 0 4 15 13 17 21 22 19
12 20 16 21 22 8 18 19 17 13 255 14 15 10 9 255 255 11 6 5 255 255 7 4 0
10 19 15 14 18 6 7 11 22 21 0 5 9 13 17 4 8 12 16 20 255 255 255 255 255
255 4 6 15 10 22 0 11 19 14 21 5 7 255 18 17 9 255 8 20 13 255 255 12 16
12 8 255 255 255 16 20 18 14 10 19 15 11 7 6 255 21 22 4 0 255 17 13 9 5
12 16 6 0 4 8 20 10 5 7 255 18 14 9 11 255 255 22 13 15 255 255 21 17 19
255 255 22 21 255 5 9 13 17 255 0 6 10 255 8 4 7 14 18 12 15 11 19 20 16
8 20 18 255 22 12 16 14 255 21 255 19 10 4 17 255 15 6 0 13 255 11 7 5 9
255 255 255 8 12 255 255 18 20 16 21 22 14 10 6 17 13 9 5 0 19 15 11 7 4
255 255 5 0 4 255 255 9 6 7 255 22 13 10 11 8 21 17 14 15 12 16 20 18 19
255 255 255 255 255 16 12 8 19 15 14 10 6 7 11 18 4 0 5 9 20 22 21 17 13
255 19 17 21 18 255 15 13 22 14 255 11 9 10 20 255 7 5 6 16 255 4 0 8 12
255 255 255 255 255 16 12 8 17 21 18 14 10 13 22 20 11 7 9 5 19 15 6 4 0
255 9 5 0 4 22 13 8 6 7 21 17 12 10 11 255 255 16 14 15 255 255 20 18 19
0 10 6 14 255 5 4 7 18 255 9 255 11 20 255 13 22 15 16 8 17 21 19 12 255
255 255 21 22 255 255 255 17 13 9 20 16 12 8 5 18 14 10 6 0 19 15 11 7 4
12 20 16 22 13 8 18 19 21 17 255 14 15 10 9 255 255 11 6 5 255 255 7 4 0
14 18 20 16 255 10 19 15 12 8 6 7 11 22 21 0 5 9 13 17 4 255 255 255 255
4 0 11 19 255 7 5 6 15 255 22 9 10 8 255 21 13 14 12 255 17 20 18 16 255
255 255 255 255 255 16 12 8 19 15 20 18 14 7 11 13 9 5 0 4 17 21 22 6 10
8 12 21 22 5 255 16 17 13 9 255 20 10 6 0 255 18 14 7 4 255 255 19 11 15
255 255 255 8 12 255 255 22 21 16 5 9 13 17 20 0 6 10 14 18 4 7 11 15 19
255 18 14 255 255 8 20 10 4 22 12 16 6 0 21 255 19 7 5 17 255 15 11 9 13
255 255 16 20 18 255 8 12 10 14 255 255 15 11 7 21 22 19 6 4 17 13 9 5 0
16 6 0 4 15 20 10 5 7 11 18 14 9 255 19 12 22 13 255 255 8 21 17 255 255
255 22 21 255 255 9 13 17 255 255 5 7 11 12 8 0 6 15 16 20 4 10 19 14 18
20 18 8 22 255 16 14 12 21 255 19 10 4 17 255 15 6 0 13 255 11 7 5 9 255
255 255 255 255 8 255 18 20 16 12 19 14 10 17 21 11 7 6 13 22 15 4 0 9 5
255 5 0 4 15 255 9 6 7 11 22 13 10 14 19 21 17 255 18 20 255 255 8 12 16
255 255 255 255 255 8 12 19 15 11 18 14 10 6 7 20 16 4 0 5 22 21 17 13 9
19 17 21 18 16 15 13 22 14 20 11 9 10 255 12 7 5 6 255 8 4 0 255 255 255
255 255 255 255 255 16 12 8 21 22 18 14 10 17 13 20 11 7 6 9 19 15 4 0 5
255 16 14 18 20 255 12 10 4 22 255 8 6 0 21 255 19 7 5 17 255 15 11 9 13
12 8 255 255 255 20 18 14 255 255 16 19 15 11 7 21 17 10 6 4 22 13 9 5 0
0 10 6 14 255 5 4 7 18 255 9 255 11 20 255 13 22 15 16 8 17 21 19 12 255
255 255 21 22 255 255 255 17 13 9 20 16 12 8 5 18 14 10 6 0 19 15 11 7 4
12 20 16 22 13 8 18 19 21 17 255 14 15 10 9 255 255 11 6 5 255 255 7 4 0
14 18 20 16 255 10 19 15 12 8 6 7 11 22 21 0 5 9 13 17 4 255 255 255 255
4 0 11 19 255 7 5 6 15 255 22 9 10 8 255 21 13 14 12 255 17 20 18 16 255
255 255 255 255 255 16 12 8 19 15 20 18 14 7 11 13 9 5 0 4 17 21 22 6 10
8 12 21 22 5 255 16 17 13 9 255 20 10 6 0 255 18 14 7 4 255 255 19 11 15
255 255 255 8 12 255 255 22 21 16 5 9 13 17 20 0 6 10 14 18 4 7 11 15 19
255 18 14 255 255 8 20 10 4 22 12 16 6 0 21 255 19 7 5 17 255 15 11 9 13
255 255 16 20 18 255 8 12 10 14 255 255 15 11 7 21 22 19 6 4 17 13 9 5 0
16 6 0 4 15 20 10 5 7 11 18 14 9 255 19 12 22 13 255 255 8 21 17 255 255
255 22 21 255 255 9 13 17 255 255 5 7 11 12 8 0 6 15 16 20 4 10 19 14 18
21 22 5 0 4 17 13 9 6 7 255 8 12 10 11 255 255 16 14 15 255 255 20 18 19
255 255 255 255 255 22 21 8 12 16 13 17 10 14 18 9 6 7 11 20 5 0 4 15 19
14 20 18 16 255 10 4 22 12 255 6 0 21 8 255 7 5 17 19 255 11 9 13 15 255
255 255 255 8 12 255 255 14 18 20 7 11 15 19 16 4 6 10 21 22 0 5 9 17 13
255 10 6 0 4 255 14 19 5 7 255 18 15 9 11 255 20 16 13 22 255 8 12 17 21
21 17 255 255 255 22 13 8 255 255 5 9 12 16 20 0 6 10 14 18 4 7 11 15 19
11 22 15 18 16 7 21 19 14 20 4 17 10 255 12 0 13 6 255 8 5 9 255 255 255
255 255 255 255 8 255 14 18 20 16 19 10 21 22 12 11 7 17 13 9 15 6 4 0 5
255 10 6 0 5 255 14 7 4 9 255 18 11 22 13 8 20 15 21 17 12 16 19 255 255
255 255 255 8 12 10 14 18 20 16 6 7 11 15 19 0 5 9 13 17 4 255 255 22 21
21 13 5 4 7 22 17 9 0 11 255 12 16 6 15 255 8 20 10 19 255 255 18 14 255
12 8 255 255 255 16 21 22 255 255 20 17 13 9 5 18 14 10 6 0 19 15 11 7 4
255 11 7 9 5 255 15 22 13 0 255 19 21 17 4 255 8 20 18 6 255 12 16 14 10
255 255 255 8 12 10 14 18 20 16 6 7 11 15 19 0 4 22 21 255 5 9 13 17 255
12 16 4 0 10 8 20 7 5 6 255 18 11 9 14 255 255 15 13 22 255 255 19 17 21
21 22 14 10 6 17 13 9 5 0 255 255 18 7 4 255 255 20 11 15 255 8 16 12 19
255 22 13 9 5 255 21 17 6 0 255 8 10 7 4 255 12 14 11 15 255 16 18 20 19
8 255 255 255 255 16 20 18 14 255 12 22 21 10 19 9 13 17 7 11 5 0 4 6 15
14 10 4 7 15 18 6 0 11 19 20 255 5 22 255 16 8 9 21 255 12 255 13 17 255
255 255 255 8 255 255 10 14 18 20 11 15 19 12 16 7 6 9 13 17 4 0 5 22 21
21 22 5 0 4 17 13 9 6 7 255 8 12 10 11 255 255 16 14 15 255 255 20 18 19
255 255 255 255 255 22 21 8 12 16 13 17 10 14 18 9 6 7 11 20 5 0 4 15 19
14 20 18 16 255 10 4 22 12 255 6 0 21 8 255 7 5 17 19 255 11 9 13 15 255
255 255 255 8 12 255 255 14 18 20 7 11 15 19 16 4 6 10 21 22 0 5 9 17 13
255 10 6 0 4 255 14 19 5 7 255 18 15 9 11 255 20 16 13 22 255 8 12 17 21
21 17 255 255 255 22 13 8 255 255 5 9 12 16 20 0 6 10 14 18 4 7 11 15 19
11 22 15 18 16 7 21 19 14 20 4 17 10 255 12 0 13 6 255 8 5 9 255 255 255
255 255 255 255 8 255 14 18 20 16 19 10 21 22 12 11 7 17 13 9 15 6 4 0 5
255 10 6 0 5 255 14 7 4 9 255 18 11 22 13 8 20 15 21 17 12 16 19 255 255
255 255 255 8 12 10 14 18 20 16 6 7 11 15 19 0 5 9 13 17 4 255 255 22 21
21 13 5 4 7 22 17 9 0 11 255 12 16 6 15 255 8 20 10 19 255 255 18 14 255
12 8 255 255 255 16 21 22 255 255 20 17 13 9 5 18 14 10 6 0 19 15 11 7 4
22 21 255 255 255 13 17 12 8 255 9 16 20 18 255 5 6 10 14 19 0 4 7 11 15
19 14 22 18 255 15 10 21 20 255 11 4 17 16 255 6 0 13 12 255 7 5 9 8 255
255 255 255 255 8 255 18 20 16 12 19 14 10 21 22 11 7 6 17 13 15 4 0 5 9
255 15 11 4 10 255 19 7 0 6 255 8 14 5 22 255 12 18 9 21 255 16 20 13 17
255 8 255 255 255 20 18 14 10 255 16 12 19 15 11 17 13 9 6 7 21 22 5 0 4
17 21 19 12 255 13 22 15 16 8 9 255 11 20 255 5 4 7 18 255 0 10 6 14 255
255 8 255 255 255 16 12 21 22 255 20 18 17 13 9 19 14 10 6 5 15 11 7 4 0
10 6 0 5 9 14 7 4 22 13 18 11 15 21 17 20 16 19 255 255 255 12 8 255 255
18 20 16 255 255 14 10 12 8 255 7 11 15 255 255 4 6 19 22 21 0 5 9 13 17
0 5 6 19 255 4 9 15 10 255 7 13 11 14 255 22 17 12 18 255 21 8 16 20 255
255 21 22 255 255 255 17 13 9 5 8 255 10 6 0 12 18 14 7 4 16 20 19 11 15
8 12 22 13 9 255 16 21 17 5 255 20 10 6 0 255 18 14 7 4 255 255 19 11 15
255 255 255 255 255 19 15 8 12 16 7 11 22 21 20 5 9 13 17 18 0 4 6 10 14
255 14 10 4 7 255 18 6 0 11 255 20 15 5 22 255 16 19 9 21 8 12 255 13 17
255 255 255 255 255 8 20 18 14 10 12 16 15 19 6 17 13 9 5 0 21 22 11 7 4
255 21 22 5 0 255 17 13 9 4 255 8 10 7 6 255 12 14 11 15 255 16 18 20 19
255 255 255 8 255 255 22 21 12 16 9 13 17 18 20 5 6 10 14 19 0 4 7 11 15
18 14 12 255 8 20 10 4 22 255 16 6 0 21 255 19 7 5 17 255 15 11 9 13 255
255 255 255 8 12 255 255 14 18 20 7 11 15 19 16 4 6 10 17 21 0 5 9 13 22
6 0 4 15 19 10 5 7 11 12 14 9 18 20 16 22 13 255 255 8 21 17 255 255 255
22 21 255 255 255 13 17 12 8 255 9 16 20 18 255 5 6 10 14 19 0 4 7 11 15
19 14 22 18 255 15 10 21 20 255 11 4 17 16 255 6 0 13 12 255 7 5 9 8 255
255 255 255 255 8 255 18 20 16 12 19 14 10 21 22 11 7 6 17 13 15 4 0 5 9
255 15 11 4 10 255 19 7 0 6 255 8 14 5 22 255 12 18 9 21 255 16 20 13 17
255 8 255 255 255 20 18 14 10 255 16 12 19 15 11 17 13 9 6 7 21 22 5 0 4
17 21 19 12 255 13 22 15 16 8 9 255 11 20 255 5 4 7 18 255 0 10 6 14 255
255 8 255 255 255 16 12 21 22 255 20 18 17 13 9 19 14 10 6 5 15 11 7 4 0
10 6 0 5 9 14 7 4 22 13 18 11 15 21 17 20 16 19 255 255 255 12 8 255 255
18 20 16 255 255 14 10 12 8 255 7 11 15 255 255 4 6 19 22 21 0 5 9 13 17
0 5 6 19 255 4 9 15 10 255 7 13 11 14 255 22 17 12 18 255 21 8 16 20 255
255 21 22 255 255 255 17 13 9 5 8 255 10 6 0 12 18 14 7 4 16 20 19 11 15
8 12 22 13 9 255 16 21 17 5 255 20 10 6 0 255 18 14 7 4 255 255 19 11 15
21 17 255 255 255 22 13 8 255 255 5 9 12 16 20 0 6 10 14 18 4 7 11 15 19
11 22 15 18 16 7 21 19 14 20 4 17 10 255 12 0 13 6 255 8 5 9 255 255 255
255 255 255 255 8 255 14 18 20 16 19 10 21 22 12 11 7 17 13 9 15 6 4 0 5
255 10 6 0 5 255 14 7 4 9 255 18 11 22 13 8 20 15 21 17 12 16 19 255 255
255 255 255 8 12 10 14 18 20 16 6 7 11 15 19 0 5 9 13 17 4 255 255 22 21
21 13 5 4 7 22 17 9 0 11 255 12 16 6 15 255 8 20 10 19 255 255 18 14 255
12 8 255 255 255 16 21 22 255 255 20 17 13 9 5 18 14 10 6 0 19 15 11 7 4
255 11 7 9 5 255 15 22 13 0 255 19 21 17 4 255 8 20 18 6 255 12 16 14 10
255 255 255 8 12 10 14 18 20 16 6 7 11 15 19 0 4 22 21 255 5 9 13 17 255
12 16 4 0 10 8 20 7 5 6 255 18 11 9 14 255 255 15 13 22 255 255 19 17 21
21 22 14 10 6 17 13 9 5 0 255 255 18 7 4 255 255 20 11 15 255 8 16 12 19
255 22 13 9 5 255 21 17 6 0 255 8 10 7 4 255 12 14 11 15 255 16 18 20 19
8 255 255 255 255 16 20 18 14 255 12 22 21 10 19 9 13 17 7 11 5 0 4 6 15
14 10 4 7 15 18 6 0 11 19 20 255 5 22 255 16 8 9 21 255 12 255 13 17 255
255 255 255 8 255 255 10 14 18 20 11 15 19 12 16 7 6 9 13 17 4 0 5 22 21
21 22 5 0 4 17 13 9 6 7 255 8 12 10 11 255 255 16 14 15 255 255 20 18 19
255 255 255 255 255 22 21 8 12 16 13 17 10 14 18 9 6 7 11 20 5 0 4 15 19
14 20 18 16 255 10 4 22 12 255 6 0 21 8 255 7 5 17 19 255 11 9 13 15 255
255 255 255 8 12 255 255 14 18 20 7 11 15 19 16 4 6 10 21 22 0 5 9 17 13
255 10 6 0 4 255 14 19 5 7 255 18 15 9 11 255 20 16 13 22 255 8 12 17 21
21 17 255 255 255 22 13 8 255 255 5 9 12 16 20 0 6 10 14 18 4 7 11 15 19
11 22 15 18 16 7 21 19 14 20 4 17 10 255 12 0 13 6 255 8 5 9 255 255 255
255 255 255 255 8 255 14 18 20 16 19 10 21 22 12 11 7 17 13 9 15 6 4 0 5
255 10 6 0 5 255 14 7 4 9 255 18 11 22 13 8 20 15 21 17 12 16 19 255 255
255 255 255 8 12 10 14 18 20 16 6 7 11 15 19 0 5 9 13 17 4 255 255 22 21
21 13 5 4 7 22 17 9 0 11 255 12 16 6 15 255 8 20 10 19 255 255 18 14 255
12 8 255 255 255 16 21 22 255 255 20 17 13 9 5 18 14 10 6 0 19 15 11 7 4
255 11 7 9 5 255 15 22 13 0 255 19 21 17 4 255 8 20 18 6 255 12 16 14 10
255 255 255 8 12 10 14 18 20 16 6 7 11 15 19 0 4 22 21 255 5 9 13 17 255
12 16 4 0 10 8 20 7 5 6 255 18 11 9 14 255 255 15 13 22 255 255 19 17 21
21 22 14 10 6 17 13 9 5 0 255 255 18 7 4 255 255 20 11 15 255 8 16 12 19
255 22 13 9 5 255 21 17 6 0 255 8 10 7 4 255 12 14 11 15 255 16 18 20 19
11 22 15 18 16 7 21 19 14 20 4 17 10 255 12 0 13 6 255 8 5 9 255 255 255
255 255 255 255 8 255 14 18 20 16 19 10 21 22 12 11 7 17 13 9 15 6 4 0 5
255 10 6 0 5 255 14 7 4 9 255 18 11 22 13 8 20 15 21 17 12 16 19 255 255
255 255 255 8 12 10 14 18 20 16 6 7 11 15 19 0 5 9 13 17 4 255 255 22 21
21 13 5 4 7 22 17 9 0 11 255 12 16 6 15 255 8 20 10 19 255 255 18 14 255
12 8 255 255 255 16 21 22 255 255 20 17 13 9 5 18 14 10 6 0 19 15 11 7 4
255 11 7 9 5 255 15 22 13 0 255 19 21 17 4 255 8 20 18 6 255 12 16 14 10
255 255 255 8 12 10 14 18 20 16 6 7 11 15 19 0 4 22 21 255 5 9 13 17 255
12 16 4 0 10 8 20 7 5 6 255 18 11 9 14 255 255 15 13 22 255 255 19 17 21
21 22 14 10 6 17 13 9 5 0 255 255 18 7 4 255 255 20 11 15 255 8 16 12 19
255 22 13 9 5 255 21 17 6 0 255 8 10 7 4 255 12 14 11 15 255 16 18 20 19
8 255 255 255 255 16 20 18 14 255 12 22 21 10 19 9 13 17 7 11 5 0 4 6 15
14 10 4 7 15 18 6 0 11 19 20 255 5 22 255 16 8 9 21 255 12 255 13 17 255
255 255 255 8 255 255 10 14 18 20 11 15 19 12 16 7 6 9 13 17 4 0 5 22 21
21 22 5 0 4 17 13 9 6 7 255 8 12 10 11 255 255 16 14 15 255 255 20 18 19
255 255 255 255 255 22 21 8 12 16 13 17 10 14 18 9 6 7 11 20 5 0 4 15 19
14 20 18 16 255 10 4 22 12 255 6 0 21 8 255 7 5 17 19 255 11 9 13 15 255
255 255 255 8 12 255 255 14 18 20 7 11 15 19 16 4 6 10 21 22 0 5 9 17 13
255 10 6 0 4 255 14 19 5 7 255 18 15 9 11 255 20 16 13 22 255 8 12 17 21
21 17 255 255 255 22 13 8 255 255 5 9 12 16 20 0 6 10 14 18 4 7 11 15 19
11 22 15 18 16 7 21 19 14 20 4 17 10 255 12 0 13 6 255 8 5 9 255 255 255
255 255 255 255 8 255 14 18 20 16 19 10 21 22 12 11 7 17 13 9 15 6 4 0 5
255 10 6 0 5 255 14 7 4 9 255 18 11 22 13 8 20 15 21 17 12 16 19 255 255
255 255 255 8 12 10 14 18 20 16 6 7 11 15 19 0 5 9 13 17 4 255 255 22 21
21 13 5 4 7 22 17 9 0 11 255 12 16 6 15 255 8 20 10 19 255 255 18 14 255
12 8 255 255 255 16 21 22 255 255 20 17 13 9 5 18 14 10 6 0 19 15 11 7 4
255 11 7 9 5 255 15 22 13 0 255 19 21 17 4 255 8 20 18 6 255 12 16 14 10
255 255 255 8 12 10 14 18 20 16 6 7 11 15 19 0 4 22 21 255 5 9 13 17 255
12 16 4 0 10 8 20 7 5 6 255 18 11 9 14 255 255 15 13 22 255 255 19 17 21
21 22 14 10 6 17 13 9 5 0 255 255 18 7 4 255 255 20 11 15 255 8 16 12 19
255 22 13 9 5 255 21 17 6 0 255 8 10 7 4 255 12 14 11 15 255 16 18 20 19
8 255 255 255 255 16 20 18 14 255 12 22 21 10 19 9 13 17 7 11 5 0 4 6 15
255 255 255 255 255 16 12 8 19 15 14 10 6 7 11 18 4 0 5 9 20 22 21 17 13
255 19 17 21 18 255 15 13 22 14 255 11 9 10 20 255 7 5 6 16 255 4 0 8 12
255 255 255 255 255 16 12 8 17 21 18 14 10 13 22 20 11 7 9 5 19 15 6 4 0
255 9 5 0 4 22 13 8 6 7 21 17 12 10 11 255 255 16 14 15 255 255 20 18 19
12 8 255 255 255 20 18 14 255 255 16 19 15 11 7 22 21 10 6 4 13 17 9 5 0
4 0 10 18 16 7 5 6 14 20 11 9 255 255 12 15 13 22 255 8 19 17 21 255 255
255 255 255 21 22 255 8 12 17 13 255 18 20 16 9 19 14 10 6 5 15 11 7 4 0
255 8 18 20 22 255 12 14 16 21 255 19 10 4 17 255 15 6 0 13 255 11 7 5 9
8 255 255 255 255 12 16 20 18 255 21 17 10 14 19 22 13 6 7 11 5 9 0 4 15
4 6 11 19 255 0 10 7 15 8 5 22 14 12 255 9 21 18 16 255 13 17 20 255 255
255 255 255 255 255 18 20 16 12 8 14 10 6 7 11 9 5 0 4 15 13 17 21 22 19
12 20 16 21 22 8 18 19 17 13 255 14 15 10 9 255 255 11 6 5 255 255 7 4 0
10 19 15 14 18 6 7 11 22 21 0 5 9 13 17 4 8 12 16 20 255 255 255 255 255
255 4 6 15 10 22 0 11 19 14 21 5 7 255 18 17 9 255 8 20 13 255 255 12 16
12 8 255 255 255 16 20 18 14 10 19 15 11 7 6 255 21 22 4 0 255 17 13 9 5
12 16 6 0 4 8 20 10 5 7 255 18 14 9 11 255 255 22 13 15 255 255 21 17 19
255 255 22 21 255 5 9 13 17 255 0 6 10 255 8 4 7 14 18 12 15 11 19 20 16
8 20 18 255 22 12 16 14 255 21 255 19 10 4 17 255 15 6 0 13 255 11 7 5 9
255 255 255 8 12 255 255 18 20 16 21 22 14 10 6 17 13 9 5 0 19 15 11 7 4
255 255 5 0 4 255 255 9 6 7 255 22 13 10 11 8 21 17 14 15 12 16 20 18 19
255 255 255 255 255 16 12 8 19 15 14 10 6 7 11 18 4 0 5 9 20 22 21 17 13
255 19 17 21 18 255 15 13 22 14 255 11 9 10 20 255 7 5 6 16 255 4 0 8 12
255 255 255 255 255 16 12 8 17 21 18 14 10 13 22 20 11 7 9 5 19 15 6 4 0
255 9 5 0 4 22 13 8 6 7 21 17 12 10 11 255 255 16 14 15 255 255 20 18 19
12 8 255 255 255 20 18 14 255 255 16 19 15 11 7 22 21 10 6 4 13 17 9 5 0
4 0 10 18 16 7 5 6 14 20 11 9 255 255 12 15 13 22 255 8 19 17 21 255 255
255 255 255 21 22 255 8 12 17 13 255 18 20 16 9 19 14 10 6 5 15 11 7 4 0
255 8 18 20 22 255 12 14 16 21 255 19 10 4 17 255 15 6 0 13 255 11 7 5 9
8 255 255 255 255 12 16 20 18 255 21 17 10 14 19 22 13 6 7 11 5 9 0 4 15
4 6 11 19 255 0 10 7 15 8 5 22 14 12 255 9 21 18 16 255 13 17 20 255 255
255 255 255 255 255 18 20 16 12 8 14 10 6 7 11 9 5 0 4 15 13 17 21 22 19
12 20 16 21 22 8 18 19 17 13 255 14 15 10 9 255 255 11 6 5 255 255 7 4 0
21 13 5 4 7 22 17 9 0 11 255 12 16 6 15 255 8 20 10 19 255 255 18 14 255
12 8 255 255 255 16 21 22 255 255 20 17 13 9 5 18 14 10 6 0 19 15 11 7 4
255 11 7 9 5 255 15 22 13 0 255 19 21 17 4 255 8 20 18 6 255 12 16 14 10
255 255 255 8 12 10 14 18 20 16 6 7 11 15 19 0 4 22 21 255 5 9 13 17 255
12 16 4 0 10 8 20 7 5 6 255 18 11 9 14 255 255 15 13 22 255 255 19 17 21
21 22 14 10 6 17 13 9 5 0 255 255 18 7 4 255 255 20 11 15 255 8 16 12 19
255 22 13 9 5 255 21 17 6 0 255 8 10 7 4 255 12 14 11 15 255 16 18 20 19
8 255 255 255 255 16 20 18 14 255 12 22 21 10 19 9 13 17 7 11 5 0 4 6 15
14 10 4 7 15 18 6 0 11 19 20 255 5 22 255 16 8 9 21 255 12 255 13 17 255
255 255 255 8 255 255 10 14 18 20 11 15 19 12 16 7 6 9 13 17 4 0 5 22 21
21 22 5 0 4 17 13 9 6 7 255 8 12 10 11 255 255 16 14 15 255 255 20 18 19
255 255 255 255 255 22 21 8 12 16 13 17 10 14 18 9 6 7 11 20 5 0 4 15 19
14 20 18 16 255 10 4 22 12 255 6 0 21 8 255 7 5 17 19 255 11 9 13 15 255
255 255 255 8 12 255 255 14 18 20 7 11 15 19 16 4 6 10 21 22 0 5 9 17 13
255 10 6 0 4 255 14 19 5 7 255 18 15 9 11 255 20 16 13 22 255 8 12 17 21
21 17 255 255 255 22 13 8 255 255 5 9 12 16 20 0 6 10 14 18 4 7 11 15 19
11 22 15 18 16 7 21 19 14 20 4 17 10 255 12 0 13 6 255 8 5 9 255 255 255
255 255 255 255 8 255 14 18 20 16 19 10 21 22 12 11 7 17 13 9 15 6 4 0 5
255 10 6 0 5 255 14 7 4 9 255 18 11 22 13 8 20 15 21 17 12 16 19 255 255
255 255 255 8 12 10 14 18 20 16 6 7 11 15 19 0 5 9 13 17 4 255 255 22 21
21 13 5 4 7 22 17 9 0 11 255 12 16 6 15 255 8 20 10 19 255 255 18 14 255
12 8 255 255 255 16 21 22 255 255 20 17 13 9 5 18 14 10 6 0 19 15 11 7 4
255 11 7 9 5 255 15 22 13 0 255 19 21 17 4 255 8 20 18 6 255 12 16 14 10
255 255 255 8 12 10 14 18 20 16 6 7 11 15 19 0 4 22 21 255 5 9 13 17 255
12 16 4 0 10 8 20 7 5 6 255 18 11 9 14 255 255 15 13 22 255 255 19 17 21
21 22 14 10 6 17 13 9 5 0 255 255 18 7 4 255 255 20 11 15 255 8 16 12 19
255 22 13 9 5 255 21 17 6 0 255 8 10 7 4 255 12 14 11 15 255 16 18 20 19
8 255 255 255 255 16 20 18 14 255 12 22 21 10 19 9 13 17 7 11 5 0 4 6 15
14 10 4 7 15 18 6 0 11 19 20 255 5 22 255 16 8 9 21 255 12 255 13 17 255
255 255 255 8 255 255 10 14 18 20 11 15 19 12 16 7 6 9 13 17 4 0 5 22 21
21 22 5 0 4 17 13 9 6 7 255 8 12 10 11 255 255 16 14 15 255 255 20 18 19
255 255 255 255 255 22 21 8 12 16 13 17 10 14 18 9 6 7 11 20 5 0 4 15 19
12 16 4 0 10 8 20 7 5 6 255 18 11 9 14 255 255 15 13 22 255 255 19 17 21
21 22 14 10 6 17 13 9 5 0 255 255 18 7 4 255 255 20 11 15 255 8 16 12 19
255 22 13 9 5 255 21 17 6 0 255 8 10 7 4 255 12 14 11 15 255 16 18 20 19
8 255 255 255 255 16 20 18 14 255 12 22 21 10 19 9 13 17 7 11 5 0 4 6 15
14 10 4 7 15 18 6 0 11 19 20 255 5 22 255 16 8 9 21 255 12 255 13 17 255
255 255 255 8 255 255 10 14 18 20 11 15 19 12 16 7 6 9 13 17 4 0 5 22 21
21 22 5 0 4 17 13 9 6 7 255 8 12 10 11 255 255 16 14 15 255 255 20 18 19
255 255 255 255 255 22 21 8 12 16 13 17 10 14 18 9 6 7 11 20 5 0 4 15 19
14 20 18 16 255 10 4 22 12 255 6 0 21 8 255 7 5 17 19 255 11 9 13 15 255
255 255 255 8 12 255 255 14 18 20 7 11 15 19 16 4 6 10 21 22 0 5 9 17 13
255 10 6 0 4 255 14 19 5 7 255 18 15 9 11 255 20 16 13 22 255 8 12 17 21
21 17 255 255 255 22 13 8 255 255 5 9 12 16 20 0 6 10 14 18 4 7 11 15 19
11 22 15 18 16 7 21 19 14 20 4 17 10 255 12 0 13 6 255 8 5 9 255 255 255
255 255 255 255 8 255 14 18 20 16 19 10 21 22 12 11 7 17 13 9 15 6 4 0 5
255 10 6 0 5 255 14 7 4 9 255 18 11 22 13 8 20 15 21 17 12 16 19 255 255
255 255 255 8 12 10 14 18 20 16 6 7 11 15 19 0 5 9 13 17 4 255 255 22 21
21 13 5 4 7 22 17 9 0 11 255 12 16 6 15 255 8 20 10 19 255 255 18 14 255
12 8 255 255 255 16 21 22 255 255 20 17 13 9 5 18 14 10 6 0 19 15 11 7 4
255 11 7 9 5 255 15 22 13 0 255 19 21 17 4 255 8 20 18 6 255 12 16 14 10
255 255 255 8 12 10 14 18 20 16 6 7 11 15 19 0 4 22 21 255 5 9 13 17 255
12 16 4 0 10 8 20 7 5 6 255 18 11 9 14 255 255 15 13 22 255 255 19 17 21
21 22 14 10 6 17 13 9 5 0 255 255 18 7 4 255 255 20 11 15 255 8 16 12 19
255 22 13 9 5 255 21 17 6 0 255 8 10 7 4 255 12 14 11 15 255 16 18 20 19
8 255 255 255 255 16 20 18 14 255 12 22 21 10 19 9 13 17 7 11 5 0 4 6 15
14 10 4 7 15 18 6 0 11 19 20 255 5 22 255 16 8 9 21 255 12 255 13 17 255
255 255 255 8 255 255 10 14 18 20 11 15 19 12 16 7 6 9 13 17 4 0 5 22 21
21 22 5 0 4 17 13 9 6 7 255 8 12 10 11 255 255 16 14 15 255 255 20 18 19
255 255 255 255 255 22 21 8 12 16 13 17 10 14 18 9 6 7 11 20 5 0 4 15 19
14 20 18 16 255 10 4 22 12 255 6 0 21 8 255 7 5 17 19 255 11 9 13 15 255
255 255 255 8 12 255 255 14 18 20 7 11 15 19 16 4 6 10 21 22 0 5 9 17 13
255 10 6 0 4 255 14 19 5 7 255 18 15 9 11 255 20 16 13 22 255 8 12 17 21
21 17 255 255 255 22 13 8 255 255 5 9 12 16 20 0 6 10 14 18 4 7 11 15 19
255 255 255 21 22 255 8 12 17 13 255 18 20 16 9 19 14 10 6 5 15 11 7 4 0
255 8 18 20 22 255 12 14 16 21 255 19 10 4 17 255 15 6 0 13 255 11 7 5 9
8 255 255 255 255 12 16 20 18 255 21 17 10 14 19 22 13 6 7 11 5 9 0 4 15
4 6 11 19 255 0 10 7 15 8 5 22 14 12 255 9 21 18 16 255 13 17 20 255 255
255 255 255 255 255 18 20 16 12 8 14 10 6 7 11 9 5 0 4 15 13 17 21 22 19
12 20 16 21 22 8 18 19 17 13 255 14 15 10 9 255 255 11 6 5 255 255 7 4 0
10 19 15 14 18 6 7 11 22 21 0 5 9 13 17 4 8 12 16 20 255 255 255 255 255
255 4 6 15 10 22 0 11 19 14 21 5 7 255 18 17 9 255 8 20 13 255 255 12 16

