88 283

0 9
0 10
0 11
0 12
0 13
0 14
0 15
0 16
0 17
0 18
0 19
0 20
0 21
0 22
0 23
0 24
0 25
0 26
0 27
0 28
0 29
0 30
0 31
0 32
0 33
0 34
1 9
1 35
1 36
1 13
1 37
1 38
1 39
1 40
1 19
1 41
1 21
1 42
1 43
1 44
1 45
1 27
1 28
1 46
1 47
1 48
1 32
1 33
1 34
2 9
2 35
2 12
2 13
2 37
2 14
2 16
2 39
2 49
2 50
2 22
2 51
2 23
2 25
2 52
2 53
2 45
2 27
2 28
2 54
2 55
2 56
2 30
2 31
2 33
2 57
3 10
3 58
3 59
3 38
3 18
3 40
3 41
3 60
3 42
3 51
3 23
3 61
3 54
3 55
3 62
3 47
3 63
3 48
3 64
4 10
4 11
4 12
4 59
4 14
4 15
4 16
4 65
4 39
4 49
4 19
4 66
4 42
4 51
4 24
4 67
4 68
4 28
4 54
4 55
4 62
4 69
4 48
4 70
4 57
4 71
5 35
5 58
5 11
5 72
5 20
5 60
5 43
5 25
5 44
5 53
5 73
5 56
5 63
5 74
5 30
5 33
5 57
5 64
6 75
6 76
6 12
6 17
6 77
6 72
6 19
6 20
6 60
6 21
6 42
6 23
6 24
6 52
6 53
6 78
6 79
6 54
6 47
6 80
6 74
6 32
7 75
7 76
7 11
7 59
7 37
7 15
7 16
7 38
7 18
7 20
7 66
7 22
7 51
7 24
7 25
7 52
7 78
7 27
7 47
7 80
7 29
7 32
8 81
8 59
8 37
8 82
8 39
8 77
8 83
8 52
8 26
8 78
8 79
8 55
8 80
8 70
8 57
9 10
9 84
10 35
11 36
12 36
13 81
14 82
15 82
16 38
17 49
18 49
19 41
20 41
21 66
22 83
23 43
24 44
25 67
26 68
27 79
28 73
29 85
30 85
31 70
32 84
33 71
34 71
35 75
36 81
37 65
38 82
39 17
40 50
41 50
42 22
43 83
44 61
45 68
46 62
47 56
48 30
49 72
50 83
51 43
51 74
52 67
53 26
53 62
54 46
55 46
56 69
57 34
58 36
59 65
60 21
61 85
62 29
63 69
64 85
65 72
66 50
67 44
68 61
69 29
70 64
71 64
72 86
73 61
74 69
75 81
76 58
76 13
76 40
76 31
76 84
77 18
78 45
78 63
79 68
80 63
81 86
82 65
83 86
84 70
85 86
86 87

0
1
2
3
4
5
6
7
8
87
