268 881

0 10
0 11
0 12
0 13
0 14
0 15
0 16
0 17
0 18
0 19
0 20
0 21
0 22
0 23
0 24
0 25
0 26
0 27
0 28
0 29
0 30
0 31
1 10
1 11
1 13
1 14
1 32
1 15
1 33
1 34
1 26
1 35
1 27
1 28
2 36
2 37
2 38
2 39
2 40
2 41
2 42
2 43
2 44
2 45
2 46
2 47
2 48
2 49
2 50
2 51
2 52
2 53
2 54
2 55
2 56
2 57
2 31
2 58
2 59
2 60
3 36
3 37
3 39
3 40
3 41
3 43
3 61
3 44
3 54
3 62
3 56
3 63
3 64
3 65
3 57
3 60
4 66
4 67
4 68
4 69
4 70
4 71
4 72
4 73
4 74
4 15
4 75
4 76
4 33
4 77
4 78
4 79
4 34
4 80
4 81
4 82
4 83
4 84
4 85
4 86
4 21
4 87
4 88
4 89
4 23
4 24
4 90
4 91
4 25
4 92
4 93
4 94
4 95
4 96
4 45
4 97
4 98
4 99
4 49
4 100
4 50
4 101
4 102
4 103
4 104
4 105
4 106
4 30
4 107
4 53
4 108
4 62
4 109
4 55
4 56
4 110
4 63
4 111
4 112
4 113
4 114
4 65
4 115
4 116
4 117
4 31
4 118
4 58
4 119
4 120
4 121
4 122
4 60
4 123
4 124
4 125
4 126
5 66
5 127
5 128
5 129
5 69
5 130
5 70
5 71
5 72
5 131
5 73
5 74
5 132
5 75
5 76
5 133
5 33
5 77
5 134
5 135
5 78
5 79
5 80
5 136
5 137
5 90
5 138
5 26
5 93
5 94
5 27
5 28
5 95
5 139
5 43
5 140
5 141
5 142
5 143
5 144
5 145
5 56
5 110
5 63
5 111
5 146
5 112
5 64
5 113
5 114
5 147
5 57
5 118
6 66
6 67
6 68
6 69
6 148
6 71
6 72
6 131
6 73
6 149
6 150
6 151
6 152
6 135
6 78
6 153
6 154
6 81
6 155
6 83
6 156
6 87
6 88
6 22
6 23
6 24
6 157
6 91
6 138
6 158
6 159
6 141
6 96
6 45
6 160
6 161
6 162
6 144
6 100
6 101
6 102
6 163
6 106
6 51
6 107
6 109
6 55
6 112
6 164
6 113
6 147
6 120
6 165
6 126
7 66
7 127
7 68
7 70
7 72
7 73
7 74
7 132
7 75
7 76
7 166
7 167
7 154
7 168
7 81
7 169
7 170
7 171
7 20
7 172
7 173
7 157
7 174
7 175
7 158
7 176
7 92
7 177
7 93
7 94
7 178
7 27
7 179
7 180
7 139
7 181
7 182
7 143
7 98
7 99
7 183
7 184
7 185
7 186
7 104
7 187
7 188
7 30
7 189
7 190
7 107
7 191
7 192
7 193
7 108
7 194
7 195
7 196
7 197
7 198
7 199
7 200
7 64
7 201
7 65
7 202
7 115
7 116
7 203
7 204
7 205
7 59
7 206
7 207
7 208
7 209
7 210
7 211
7 212
8 12
8 213
8 128
8 14
8 129
8 69
8 130
8 70
8 71
8 214
8 74
8 151
8 152
8 16
8 33
8 134
8 135
8 153
8 80
8 82
8 136
8 84
8 20
8 138
8 26
8 35
8 38
8 215
8 93
8 94
8 39
8 28
8 95
8 42
8 43
8 140
8 144
8 63
8 164
8 201
8 147
8 202
8 216
8 121
8 123
8 210
8 125
9 176
9 177
9 217
9 200
9 218
10 219
10 220
10 134
11 219
11 148
11 149
11 133
11 77
11 155
11 221
11 44
11 222
11 223
12 224
13 213
13 79
13 138
13 215
13 181
14 224
15 132
16 76
16 137
16 90
17 135
17 225
17 58
17 119
18 226
19 227
19 228
20 229
21 173
22 89
22 92
22 95
22 53
23 174
24 174
25 158
26 158
27 39
28 179
29 97
29 52
29 117
29 124
30 189
31 203
32 230
32 18
33 167
34 154
35 92
36 215
36 159
36 139
36 140
36 231
36 160
36 192
36 146
36 114
36 115
37 219
38 141
38 97
38 110
38 117
39 180
40 179
40 223
40 111
41 232
42 232
43 181
44 182
45 143
46 147
46 116
47 233
48 233
49 184
50 186
51 30
52 107
53 191
54 108
55 196
56 195
57 202
58 206
59 234
60 208
61 235
62 194
63 198
64 236
65 216
66 12
66 42
67 213
67 134
67 169
67 178
67 179
67 139
67 140
67 57
68 220
68 232
69 148
70 148
71 214
72 214
73 214
74 149
75 237
75 195
76 237
77 166
78 168
79 168
80 154
81 176
81 236
81 208
82 155
82 226
82 19
82 238
82 48
82 29
82 160
83 170
84 239
84 171
85 20
86 173
87 172
88 172
89 172
90 157
91 175
92 177
93 159
94 159
95 180
96 182
97 143
98 240
98 241
99 240
100 183
100 193
101 185
101 190
102 187
103 187
104 242
104 243
105 188
106 189
107 244
108 194
109 194
110 198
111 197
112 197
113 201
114 201
115 245
116 245
117 204
118 203
119 206
120 205
121 59
122 207
123 209
124 210
125 211
126 212
127 213
127 14
127 82
128 220
128 34
128 221
128 246
128 41
128 231
128 161
128 163
129 247
129 25
129 248
129 244
130 81
130 18
130 156
130 88
130 89
130 23
130 45
130 47
130 162
130 103
130 106
130 51
130 191
130 228
130 165
131 84
131 85
131 65
131 204
131 121
131 209
131 210
131 211
132 237
133 167
134 166
135 166
136 83
136 87
136 91
136 96
136 100
136 101
136 102
136 188
136 120
136 126
137 157
138 175
139 232
140 61
141 182
142 44
142 222
142 223
142 62
142 115
143 249
144 49
144 50
144 116
144 58
144 119
145 195
146 197
147 202
148 32
149 32
150 35
150 103
151 132
152 75
152 133
152 145
152 146
152 118
153 79
153 142
153 111
154 168
155 250
155 251
155 252
156 86
156 21
156 203
157 174
158 253
159 178
160 254
161 98
162 99
163 104
164 64
165 207
166 167
167 237
168 255
169 226
169 247
169 246
169 47
169 248
170 229
171 229
172 173
173 229
174 253
175 253
176 255
177 255
178 235
179 180
180 235
181 61
182 249
183 184
184 256
185 186
186 256
187 256
188 241
189 244
190 244
191 257
192 257
193 257
194 257
195 196
196 258
197 198
198 258
199 236
200 236
201 216
202 216
203 204
204 245
205 234
206 245
207 259
208 259
209 260
210 260
211 261
212 261
213 224
214 32
214 61
215 178
216 258
217 196
218 208
219 262
220 224
221 247
222 192
222 54
222 60
223 108
224 230
224 18
225 141
225 49
225 50
226 227
226 29
226 228
227 250
227 83
227 85
227 86
227 90
227 91
227 251
227 252
227 106
228 109
228 122
229 253
230 150
230 151
230 17
230 78
230 80
230 226
230 247
230 239
230 171
230 87
230 88
230 89
230 24
230 137
230 25
230 251
230 263
230 105
231 248
232 235
233 97
233 254
233 100
233 101
233 189
233 52
233 109
233 205
233 121
233 122
233 124
234 206
235 225
235 96
235 46
235 47
235 238
235 248
235 161
235 263
235 103
235 163
235 105
235 145
235 112
235 164
235 113
235 119
235 123
235 261
236 258
237 255
238 233
239 170
240 249
241 243
242 187
243 264
244 264
245 259
246 250
246 251
246 254
246 252
247 227
247 29
247 228
248 233
249 256
250 170
250 171
250 175
251 240
251 242
251 241
251 243
251 261
251 260
252 183
252 185
252 190
252 193
252 234
252 212
253 176
253 177
253 217
253 199
253 218
254 240
254 183
254 185
254 242
254 241
254 243
254 190
254 193
254 234
254 125
254 126
255 265
256 217
256 199
256 200
256 218
257 264
258 266
259 267
260 259
261 260
263 162
263 102
263 118
263 165
264 217
264 199
264 200
264 218

0
1
2
3
4
5
6
7
8
9
262
265
266
267
