2081 6988

0 38
0 39
0 40
0 41
0 42
0 43
0 44
0 45
0 46
0 47
0 48
0 49
1 38
1 50
1 40
1 51
1 52
1 53
1 54
1 48
1 49
2 38
2 51
2 55
2 56
2 57
2 58
2 59
2 60
2 61
2 62
2 63
2 64
2 65
2 66
2 53
2 67
2 68
2 69
2 70
3 71
3 39
3 72
3 73
3 74
3 75
3 76
3 77
3 78
3 79
3 80
3 81
3 82
3 83
3 59
3 60
3 61
3 84
3 65
3 66
3 85
3 86
3 87
3 88
3 89
3 90
3 91
3 92
3 93
3 94
3 95
3 96
3 97
3 98
3 99
3 100
3 101
3 102
3 103
3 104
3 105
3 106
3 107
3 108
3 109
3 110
3 111
3 112
3 113
3 114
3 115
3 116
3 117
3 118
3 119
3 120
3 121
3 122
3 123
3 124
3 125
3 126
4 71
4 127
4 128
4 42
4 129
4 130
4 131
4 132
4 133
4 81
4 82
4 134
4 135
4 136
4 83
4 137
4 56
4 58
4 60
4 63
4 138
4 139
4 140
4 141
4 86
4 142
4 143
4 91
4 144
4 93
4 95
4 145
4 146
4 98
4 147
4 148
4 149
4 150
4 151
4 152
4 153
4 154
4 155
4 156
4 157
4 158
4 102
4 103
4 159
4 160
4 161
4 162
4 163
4 107
4 164
4 165
4 166
4 167
4 168
4 169
4 170
5 71
5 39
5 72
5 41
5 171
5 42
5 129
5 172
5 137
5 84
5 173
5 43
5 44
5 174
5 175
5 176
5 177
5 178
5 45
5 179
5 180
5 46
5 181
5 156
5 47
5 182
5 183
5 48
5 184
6 185
6 186
6 72
6 187
6 188
6 41
6 189
6 171
6 190
6 129
6 191
6 130
6 192
6 193
6 194
6 195
6 174
6 196
6 175
6 197
6 198
6 199
6 200
6 201
6 146
6 202
6 98
6 203
6 148
6 204
6 205
6 206
6 207
6 208
6 209
6 210
6 211
6 212
6 151
6 152
6 153
6 213
6 214
6 181
6 156
6 47
6 215
6 157
6 216
6 217
6 218
6 219
6 220
6 221
6 222
6 223
6 224
6 225
6 226
6 227
6 228
6 229
6 230
6 231
6 232
6 182
6 183
6 233
6 234
6 235
6 107
6 112
6 113
6 114
6 236
6 237
7 185
7 195
7 174
7 238
7 239
7 197
7 240
7 241
7 242
7 243
7 244
7 201
7 146
7 203
7 245
7 205
7 206
7 246
7 207
7 247
7 248
7 249
7 181
7 250
7 251
7 252
7 253
7 254
7 255
7 256
7 257
7 221
7 258
7 259
7 224
7 99
7 260
7 261
7 262
7 103
7 263
7 159
7 264
7 120
7 121
7 125
7 126
7 237
8 185
8 265
8 187
8 188
8 266
8 267
8 268
8 83
8 269
8 63
8 270
8 65
8 44
8 196
8 175
8 271
8 198
8 272
8 273
8 274
8 275
8 276
8 277
8 278
8 208
8 279
8 280
8 210
8 211
8 281
8 212
8 282
8 283
8 284
8 153
8 285
8 286
8 287
8 288
8 214
8 289
8 290
8 291
8 292
8 293
8 219
8 294
8 220
8 295
8 296
8 222
8 297
8 298
8 299
8 225
8 300
8 229
8 301
8 302
8 303
8 263
8 304
8 305
8 306
8 307
8 112
8 115
8 116
8 308
8 309
8 120
8 122
8 169
8 237
9 310
9 311
9 312
9 313
9 314
9 315
9 316
9 317
9 318
9 319
9 320
9 321
9 322
9 323
9 324
9 325
9 326
9 327
9 328
9 329
9 330
9 331
9 332
9 333
9 334
9 335
9 336
9 337
9 338
9 339
9 340
9 341
9 342
9 343
9 344
9 345
9 346
9 347
9 348
9 349
9 350
9 351
9 352
9 353
9 354
9 355
9 356
9 357
9 358
9 359
9 360
9 361
10 310
10 362
10 363
10 364
10 365
10 366
10 367
10 79
10 368
10 369
10 370
10 371
10 372
10 373
10 374
10 375
10 376
10 377
10 378
10 379
10 380
10 381
10 382
10 383
10 384
10 385
10 386
10 387
10 388
10 389
10 390
10 391
10 392
10 393
10 394
10 395
10 396
10 397
10 398
10 399
10 400
10 401
10 402
10 403
10 404
10 405
10 406
10 407
10 408
10 409
10 410
10 411
10 412
10 413
10 414
10 415
10 416
10 417
10 418
10 419
10 420
11 421
11 422
11 423
11 424
11 425
11 426
11 427
11 428
11 429
11 430
11 431
11 432
11 433
11 434
11 435
11 436
11 142
11 437
11 349
11 438
11 439
11 280
11 440
11 441
11 359
11 442
12 421
12 422
12 423
12 443
12 444
12 445
12 446
12 447
12 425
12 448
12 449
12 426
12 450
12 451
12 452
12 453
12 454
12 455
12 428
12 456
12 457
12 458
12 430
12 459
12 272
12 460
12 461
12 462
12 463
12 434
12 86
12 464
12 465
12 466
12 467
12 142
12 437
12 143
12 468
12 469
12 470
12 201
12 245
12 178
12 45
12 207
12 208
12 280
12 282
12 283
12 284
12 471
12 285
12 250
12 215
12 472
12 473
12 474
12 475
12 476
12 477
12 478
13 422
13 479
13 480
13 481
13 482
13 483
13 443
13 444
13 445
13 446
13 447
13 484
13 485
13 486
13 449
13 487
13 78
13 488
13 489
13 490
13 491
13 492
13 493
13 494
13 495
13 496
13 497
13 453
13 498
13 269
13 499
13 454
13 455
13 500
13 501
13 456
13 459
13 502
13 503
13 470
13 504
13 505
13 473
13 506
13 507
13 508
13 509
13 510
13 511
13 512
14 513
14 514
14 515
14 516
14 481
14 517
14 424
14 518
14 519
14 520
14 521
14 448
14 426
14 450
14 522
14 427
14 452
14 80
14 523
14 524
14 326
14 525
14 526
14 527
14 328
14 377
14 528
14 529
14 530
14 332
14 531
14 532
14 533
14 534
14 338
14 535
14 339
14 536
14 537
14 538
14 457
14 429
14 539
14 540
14 541
14 542
14 543
14 544
14 545
14 546
14 502
14 547
14 548
14 549
14 434
14 550
14 551
14 435
14 552
14 553
14 503
14 554
14 436
14 555
14 275
14 556
14 345
14 557
14 558
14 469
14 93
14 559
14 560
14 561
14 562
14 348
14 349
14 438
14 439
14 563
14 564
14 355
14 565
14 440
14 566
14 567
14 358
14 221
14 568
14 222
14 569
14 570
14 571
14 572
14 573
14 441
14 231
14 574
14 575
14 576
14 359
14 577
14 578
14 477
14 579
14 580
14 581
14 582
14 442
14 583
14 584
14 585
14 586
15 513
15 514
15 515
15 516
15 312
15 517
15 366
15 587
15 518
15 588
15 589
15 519
15 590
15 591
15 520
15 521
15 592
15 450
15 524
15 326
15 369
15 372
15 327
15 375
15 593
15 377
15 380
15 594
15 530
15 331
15 332
15 333
15 531
15 595
15 596
15 597
15 532
15 598
15 599
15 600
15 601
15 602
15 533
15 603
15 398
15 604
15 605
15 606
15 607
15 338
15 608
15 535
15 609
15 610
15 500
15 611
15 612
15 613
15 429
15 614
15 545
15 546
15 502
15 547
15 548
15 549
15 434
15 615
15 435
15 616
15 617
15 555
15 618
15 619
15 620
15 621
15 347
15 562
15 622
15 351
15 623
15 563
15 624
15 625
15 564
15 626
15 627
15 628
15 357
15 629
15 630
15 569
15 631
15 632
15 633
15 634
15 577
15 635
15 636
15 637
15 638
15 639
15 640
15 585
15 641
16 514
16 516
16 481
16 423
16 424
16 485
16 452
16 490
16 491
16 525
16 492
16 493
16 527
16 453
16 328
16 529
16 428
16 457
16 642
16 462
16 546
16 553
16 581
16 442
16 583
16 586
17 643
17 482
17 483
17 644
17 645
17 444
17 487
17 646
17 451
17 488
17 489
17 523
17 647
17 648
17 495
17 497
17 498
17 499
17 649
17 270
17 540
17 551
17 650
17 509
17 476
17 579
18 643
18 479
18 480
18 651
18 652
18 653
18 644
18 645
18 266
18 445
18 487
18 488
18 490
18 494
18 495
18 460
18 654
18 655
18 556
18 656
18 657
18 506
18 658
18 659
18 660
18 661
19 643
19 265
19 651
19 652
19 653
19 662
19 266
19 267
19 663
19 447
19 75
19 489
19 492
19 648
19 494
19 496
19 497
19 269
19 499
19 649
19 270
19 271
19 664
19 665
19 666
19 667
19 461
19 545
19 552
19 276
19 658
19 508
19 115
19 659
19 308
19 309
19 511
19 668
19 669
20 50
20 40
20 670
20 671
20 672
20 673
20 52
20 90
20 91
20 674
20 145
20 675
20 203
20 148
20 217
20 218
20 219
20 158
20 223
20 54
20 676
20 122
20 124
20 677
20 169
20 678
20 170
20 679
20 680
20 236
20 681
21 50
21 51
21 209
21 211
21 151
21 217
21 158
21 682
21 683
21 99
21 102
21 54
21 676
21 684
21 685
21 159
21 686
21 687
21 49
21 125
21 236
22 362
22 363
22 688
22 317
22 689
22 690
22 691
22 692
22 693
22 369
22 694
22 695
22 696
22 697
22 698
22 699
22 377
22 700
22 335
22 336
22 533
22 608
22 535
22 701
22 702
22 703
22 615
22 618
22 619
22 620
22 343
22 704
22 557
22 705
22 706
22 707
22 559
22 560
22 708
22 350
22 709
22 710
22 353
22 354
22 711
22 712
22 627
22 356
22 713
22 714
22 715
22 716
22 717
22 718
22 719
22 720
22 721
22 722
22 723
23 479
23 651
23 482
23 644
23 454
23 724
23 281
23 212
23 283
23 471
23 725
23 726
23 727
23 215
23 157
23 292
23 728
23 295
23 227
23 302
23 729
23 730
23 731
23 732
23 231
23 733
23 232
23 734
23 735
23 736
23 737
23 738
23 739
23 740
23 656
23 741
23 742
23 743
23 744
23 745
23 746
24 311
24 517
24 364
24 365
24 747
24 748
24 749
24 750
24 751
24 316
24 319
24 320
24 321
24 693
24 371
24 373
24 752
24 699
24 528
24 700
24 381
24 594
24 331
24 753
24 531
24 754
24 387
24 597
24 755
24 336
24 756
24 757
24 398
24 608
24 537
24 613
24 544
24 703
24 549
24 758
24 759
24 617
24 760
24 620
24 344
24 560
24 761
24 347
24 562
24 622
24 348
24 438
24 439
24 709
24 623
24 354
24 711
24 712
24 565
24 713
24 568
24 762
24 716
24 718
24 580
24 720
24 640
24 763
25 311
25 312
25 749
25 750
25 764
25 765
25 688
25 766
25 767
25 317
25 768
25 318
25 521
25 319
25 367
25 769
25 770
25 771
25 772
25 693
25 773
25 695
25 372
25 373
25 329
25 700
25 330
25 594
25 530
25 333
25 774
25 597
25 532
25 775
25 776
25 500
25 538
25 612
25 613
25 614
25 541
25 543
25 544
25 701
25 702
25 703
25 547
25 548
25 549
25 615
25 465
25 777
25 466
25 467
25 760
25 618
25 619
25 620
25 557
25 706
25 707
25 559
25 560
25 778
25 761
25 621
25 622
25 352
25 353
25 625
25 711
25 356
25 713
25 714
25 717
25 718
25 779
25 780
25 781
25 635
25 782
25 783
25 784
25 785
25 786
25 720
25 721
25 583
25 787
25 788
25 789
25 790
25 791
26 792
26 188
26 189
26 171
26 793
26 794
26 192
26 795
26 796
26 797
26 798
26 799
26 209
26 210
26 282
26 152
26 472
26 216
26 291
26 218
26 800
26 298
26 223
26 801
26 802
26 228
26 301
26 230
26 260
26 262
26 574
26 803
26 804
26 182
26 233
26 805
26 806
26 807
26 126
27 480
27 652
27 483
27 645
27 455
27 808
27 809
27 284
27 471
27 810
27 811
27 812
27 813
27 814
27 472
27 216
27 293
27 728
27 294
27 220
27 295
27 802
27 815
27 816
27 817
27 818
27 819
27 574
27 820
27 803
27 821
27 822
27 823
27 824
27 825
27 826
27 505
27 657
27 827
27 828
27 829
27 830
28 653
28 662
28 130
28 192
28 663
28 75
28 831
28 76
28 832
28 833
28 78
28 80
28 132
28 81
28 496
28 56
28 649
28 59
28 43
28 271
28 197
28 198
28 339
28 272
28 463
28 273
28 554
28 274
28 275
28 470
28 276
28 277
28 834
28 835
28 114
28 118
28 784
28 478
28 668
28 582
28 669
28 124
28 170
29 836
29 837
29 838
29 839
29 840
29 484
29 841
29 456
29 458
29 430
29 459
29 461
29 462
29 463
29 273
29 654
29 550
29 551
29 552
29 553
29 503
29 554
29 274
29 655
29 90
29 468
29 145
29 650
29 245
29 204
29 179
29 180
29 46
29 249
29 214
29 291
29 292
29 293
29 728
29 258
29 298
29 227
29 802
29 300
30 749
30 750
30 842
30 751
30 843
30 844
30 845
30 316
30 768
30 592
30 321
30 524
30 371
30 526
30 527
30 373
30 752
30 846
30 593
30 541
30 701
30 547
30 618
30 343
30 847
30 704
30 557
30 707
30 346
30 561
30 351
30 623
30 563
30 848
30 352
30 625
30 355
30 565
30 440
30 849
30 357
30 568
30 850
30 851
30 852
30 853
30 636
30 786
30 442
30 854
30 583
30 640
30 585
30 855
30 586
30 856
31 518
31 519
31 751
31 520
31 592
31 522
31 427
31 369
31 370
31 371
31 372
31 327
31 329
31 752
31 374
31 593
31 528
31 529
31 382
31 330
31 857
31 536
31 612
31 543
31 702
31 548
31 858
31 859
31 860
31 617
31 861
31 619
31 862
31 344
31 345
31 559
31 346
31 561
31 761
31 621
31 710
31 863
31 712
31 627
31 864
31 358
31 635
31 477
31 636
31 580
31 581
31 786
31 721
31 865
32 267
32 663
32 268
32 831
32 76
32 132
32 82
32 137
32 58
32 61
32 84
32 66
32 460
32 654
32 655
32 556
32 277
32 866
32 202
32 867
32 868
32 869
32 870
32 871
32 178
32 204
32 205
32 872
32 206
32 564
32 179
32 873
32 180
32 874
32 250
32 875
32 876
32 877
32 258
32 300
32 228
32 229
32 301
32 302
32 878
32 230
32 879
32 880
32 261
32 262
32 263
32 881
32 882
32 883
32 183
32 233
32 884
32 113
32 116
32 118
32 121
33 446
33 425
33 885
33 522
33 451
33 523
33 491
33 525
33 498
33 464
33 436
33 555
33 437
33 143
33 468
33 558
33 469
33 95
33 285
33 224
33 225
33 232
33 803
33 474
33 578
33 512
34 484
34 449
34 886
34 887
34 648
34 493
34 539
34 550
34 650
34 504
34 505
34 656
34 657
34 473
34 506
34 658
34 508
34 474
34 578
34 509
34 476
34 659
34 510
34 308
34 478
34 579
34 309
34 511
34 668
34 582
34 512
34 669
35 52
35 53
35 676
36 340
36 759
36 860
36 777
36 760
36 888
36 889
36 890
36 891
36 892
36 893
36 705
36 706
36 894
36 895
36 708
36 347
36 896
36 562
36 897
36 898
36 899
36 900
36 622
36 901
36 348
36 349
36 350
36 439
36 902
36 709
36 710
36 353
36 624
36 354
36 863
36 711
36 626
36 712
36 627
36 356
36 713
36 566
36 864
36 567
36 714
36 569
36 441
36 903
36 852
36 632
36 904
36 905
36 575
37 740
37 906
37 907
37 908
37 909
37 910
37 911
37 912
37 715
37 913
37 914
37 762
37 915
37 916
37 577
37 716
37 717
37 917
37 918
37 919
37 920
37 921
37 922
37 923
37 924
37 925
37 741
37 926
37 507
37 927
37 928
37 929
37 930
37 931
37 635
37 580
37 581
37 720
37 721
37 865
37 932
37 933
37 934
37 935
37 936
37 937
37 938
37 638
37 939
37 787
37 940
37 584
37 722
37 723
38 941
38 942
38 943
38 794
38 944
38 945
38 946
38 796
38 947
38 176
38 948
38 949
38 950
38 177
38 951
38 952
38 953
38 954
38 243
38 955
38 956
38 957
38 958
38 959
38 960
38 961
38 962
38 244
39 186
39 127
39 128
39 191
39 130
39 194
39 963
39 138
39 139
39 964
39 965
39 140
39 141
39 966
39 200
39 967
39 968
39 969
39 970
39 971
39 147
39 972
39 973
39 149
39 974
39 975
39 154
39 976
39 155
39 977
39 978
39 979
39 231
39 232
40 792
40 980
40 172
40 981
40 982
40 983
40 173
40 984
40 985
40 986
40 987
40 238
40 988
40 989
40 990
40 991
40 992
40 993
40 994
40 995
40 241
40 242
40 996
40 997
40 797
40 798
40 406
40 998
40 799
40 420
40 999
40 866
40 1000
40 868
40 1001
40 870
40 1002
40 1003
40 871
40 1004
40 1005
40 1006
40 1007
40 1008
40 246
40 1009
40 1010
40 278
40 1011
40 1012
40 247
40 1013
40 1014
40 279
40 1015
40 1016
40 1017
40 1018
40 1019
40 873
40 1020
40 248
40 1021
40 1022
40 1023
40 213
40 288
40 1024
40 1025
40 1026
40 1027
40 251
40 1028
40 289
40 875
40 1029
40 253
40 1030
40 290
40 876
40 1031
40 255
40 1032
40 1033
40 1034
40 1035
40 1036
40 256
40 877
40 1037
40 1038
40 296
40 1039
40 1040
40 1041
40 1042
40 1043
40 297
40 259
40 1044
40 299
40 1045
40 1046
40 1047
40 1048
40 815
40 1049
40 818
40 819
40 1050
40 820
40 1051
40 1052
40 882
40 1053
40 805
40 884
41 1054
41 1055
41 1056
41 729
41 731
41 732
41 733
42 190
42 193
42 1057
42 1058
42 199
42 1059
42 1060
42 1061
42 1062
42 1063
42 1064
42 1065
42 1066
42 1067
42 226
42 1068
42 1069
42 1070
42 234
42 1071
42 1072
43 1073
43 1074
43 1075
44 1076
44 1077
44 1078
45 1079
45 1080
45 1081
45 1082
46 1083
46 1084
47 252
47 254
47 257
47 1085
47 804
47 883
47 806
47 1086
48 1087
48 1088
48 1089
48 1090
48 106
48 807
48 1091
48 108
48 1092
48 1093
48 1094
48 109
48 1095
48 1096
48 166
48 1097
48 1098
48 1099
48 1100
48 1101
48 1102
48 1103
48 1104
48 1105
49 1106
49 235
49 1107
49 1108
50 186
50 128
50 1109
50 394
50 199
50 200
50 405
50 1056
50 1110
50 419
50 977
50 978
50 979
50 729
50 1068
50 731
50 732
50 1111
50 733
50 1069
50 1112
51 1113
51 190
51 191
51 1114
51 1115
51 1116
51 194
51 1117
52 1073
52 1057
52 963
52 139
52 1076
52 1058
52 965
52 141
52 967
52 968
52 969
52 970
52 971
52 147
52 972
52 973
52 149
52 974
52 1079
52 1061
52 1080
52 1062
52 1081
52 1063
52 1082
52 975
52 1064
52 154
52 1083
52 1065
52 976
52 155
52 1084
52 1066
52 1118
52 1067
52 254
52 257
52 1085
52 226
52 806
52 1086
52 1071
52 1072
52 1078
52 1075
53 1074
53 1059
53 966
53 1119
53 1077
53 1060
53 409
53 411
54 804
54 883
54 1070
54 234
55 1120
56 1121
57 1122
58 1123
58 1124
59 1125
60 1126
60 1127
60 1128
60 1129
61 1125
62 1130
63 1131
64 1130
65 1132
66 1132
67 1133
68 1134
69 781
70 1135
71 185
71 1136
71 980
71 192
71 983
71 986
71 950
71 197
71 994
71 953
71 960
71 866
71 868
71 870
71 871
71 1010
71 208
71 1016
71 873
71 213
71 214
71 216
71 221
71 222
71 224
71 225
71 235
72 792
72 794
72 796
72 239
72 993
72 242
72 798
72 959
72 244
72 246
72 278
72 247
72 279
72 248
72 1022
72 1023
72 288
72 1034
72 256
72 296
72 259
72 299
72 1048
72 1050
72 803
72 1106
73 842
73 1137
73 1138
73 1139
73 1140
74 843
74 1141
74 1142
74 1143
74 1144
75 844
75 1145
75 1146
75 1147
75 1148
76 845
76 1149
76 1150
76 1151
76 1152
77 1153
78 1154
79 771
80 1155
81 1156
81 1157
81 1158
81 1159
82 1160
82 1161
82 1162
82 1163
82 1164
82 1165
82 1166
82 1167
82 1168
82 1169
82 1098
82 1100
83 1170
83 1171
83 1172
83 1173
84 982
84 985
84 949
84 952
84 999
84 1000
84 1001
84 1002
84 1003
84 1004
84 1014
84 1019
85 1174
86 858
86 616
86 342
86 861
87 1175
88 1176
89 1177
90 1178
90 892
91 1179
91 893
91 1180
91 1181
92 894
93 1182
94 1183
95 1184
96 1185
97 1186
98 867
98 1187
99 1188
99 880
99 1189
99 881
100 1190
101 1190
102 303
102 816
103 730
103 817
104 1191
105 1191
106 906
107 807
107 264
107 1095
108 1192
109 1193
110 928
111 779
112 1194
112 1195
112 1196
112 1197
112 1198
113 1199
113 1200
113 1201
113 1202
113 1203
113 1204
113 1205
113 1206
113 1207
113 1208
114 1133
114 1209
114 1210
114 1211
114 1212
115 1213
115 1214
115 1215
116 1216
116 1217
116 1218
116 1219
116 1097
117 1220
118 1221
118 1222
118 1223
118 1224
118 1099
119 1225
120 1226
120 1227
120 1228
120 1229
120 1230
121 1231
121 1232
121 1233
121 1234
121 1235
122 1236
123 1237
124 1238
125 1239
125 1240
125 742
125 743
125 744
125 745
126 1241
126 1242
126 1243
126 827
126 828
126 829
126 830
127 1117
128 1244
128 1245
128 911
128 924
129 793
129 795
129 238
129 989
129 240
129 241
129 797
129 799
129 243
129 956
129 251
129 289
129 253
129 290
129 255
129 1033
129 1042
129 297
129 1049
129 1051
129 1108
130 1114
130 405
130 419
131 1246
132 1247
132 1248
132 1249
132 1250
132 1251
133 1252
133 1253
134 1254
134 1255
135 1256
135 1257
136 1258
136 1259
136 1260
136 1261
137 981
137 984
137 948
137 951
137 1006
137 1008
137 1011
137 1015
137 1018
137 1021
138 1119
139 1262
139 1263
139 1264
139 1265
139 1266
139 1267
140 411
141 1268
141 1269
141 1270
141 1271
141 1272
141 1273
142 889
142 968
143 862
143 895
143 970
144 891
145 1274
145 1275
146 1276
146 1277
146 1278
146 1279
146 872
146 1280
147 1281
148 1282
148 1283
148 800
148 1284
148 801
148 1285
149 1286
149 1287
150 1288
150 848
150 1289
150 1290
151 1291
151 1292
151 1293
151 1294
151 1295
151 1296
151 1297
151 1298
151 1299
151 1300
151 1301
151 1302
152 1303
152 1304
152 1305
152 1306
152 1307
152 1308
152 1089
153 1309
153 1310
153 1311
153 1312
153 1090
154 1313
155 1314
156 1027
156 258
156 805
156 884
157 978
158 1315
158 1316
158 1317
158 1318
159 1319
159 1320
159 1321
159 1322
160 1323
161 1323
162 1324
163 1325
164 1091
165 1093
166 1326
167 1327
168 1328
169 1329
170 1330
171 942
171 1331
171 997
171 998
171 815
171 818
171 819
171 820
172 1332
172 1333
172 1334
172 1335
173 1336
173 1337
173 1338
173 1339
174 1340
174 1341
174 995
174 1026
174 1029
174 1031
174 1036
174 1039
174 1045
175 988
175 955
175 1028
175 1030
175 1032
175 1037
175 1043
175 1047
176 1342
177 1343
178 1005
178 1007
178 1009
178 1013
179 1017
180 1020
181 874
181 875
181 876
181 877
182 882
183 1053
184 1107
185 941
185 996
186 1344
186 1345
186 1346
186 1347
187 127
187 128
187 184
188 1136
188 980
188 1096
189 106
189 166
189 681
190 1348
191 364
192 944
192 406
192 420
193 1116
193 1110
194 747
195 164
195 108
195 679
196 165
196 109
196 680
197 992
197 958
198 994
198 960
198 1092
199 396
199 401
200 1349
200 1350
201 1351
201 1352
201 1353
201 1354
201 1067
202 96
202 97
202 150
202 682
202 683
203 1355
203 1356
204 1357
204 1358
205 1359
206 1360
207 1010
208 1012
209 1361
209 1362
209 287
209 1363
209 1364
209 1365
210 724
210 725
210 726
210 727
210 1315
210 1317
210 1087
210 1071
211 808
211 810
211 1366
211 813
212 809
212 811
212 1366
212 814
212 1072
213 1367
213 566
214 1024
215 977
215 1068
216 1035
217 1368
217 1369
217 1370
217 1371
218 1368
219 1372
219 1373
220 1316
220 1374
220 1088
221 1038
222 1041
223 1375
224 1044
225 1046
226 1376
226 1377
227 979
227 1069
228 1364
229 1378
229 1379
230 1380
231 1111
232 1112
233 1070
234 1381
234 1382
234 1383
234 1384
234 1385
234 1386
235 907
236 746
237 1105
238 1387
238 1388
239 991
239 957
240 962
241 389
241 1389
241 1390
241 1391
242 392
242 1392
242 1393
242 1273
243 1394
244 1395
245 1282
245 1283
245 1023
245 1042
245 1085
246 1396
247 1397
247 1398
248 1399
249 213
249 226
250 1027
251 1400
252 1118
253 1401
253 1402
254 1403
254 1404
255 1405
256 1406
257 1407
258 1040
259 1408
260 100
260 104
260 684
260 160
260 686
260 162
261 101
261 105
261 685
261 161
261 687
261 163
262 303
262 1409
262 1410
263 816
263 1411
263 1412
264 1094
265 186
265 792
265 193
265 795
265 194
265 796
265 73
265 670
265 134
265 135
265 62
265 140
265 141
265 240
265 241
265 242
265 799
265 244
265 235
265 807
265 264
265 67
265 677
266 1055
266 1331
266 589
266 764
266 1413
266 689
266 769
266 322
266 1414
266 694
266 1415
266 1416
266 1417
266 1418
266 1419
266 1420
266 1128
266 1058
266 964
266 965
266 1341
266 995
266 1056
266 998
266 1060
266 1421
266 1422
266 1106
266 106
266 164
266 108
266 1108
266 166
266 1423
266 1180
266 1424
266 1239
266 1241
266 1243
266 679
266 742
266 827
266 744
266 829
266 746
266 681
267 588
267 765
267 1425
267 690
267 323
267 770
267 1426
267 696
267 1427
267 1428
267 1429
267 1430
267 1431
267 1432
267 1129
267 986
267 953
267 1433
267 1434
267 1435
267 1436
267 1240
267 1242
267 743
267 828
267 745
267 830
267 1101
268 74
268 672
268 136
268 173
268 64
268 177
268 804
268 805
268 234
268 68
268 168
269 1161
269 1163
269 984
269 985
269 1199
269 1201
269 1164
269 1205
270 1437
270 951
270 952
271 989
271 993
271 956
271 959
271 1095
271 1231
271 1232
271 1233
271 1234
271 1235
272 1438
272 1439
272 1440
272 1441
273 1441
274 1176
274 1442
274 1443
274 1444
274 1445
275 1446
275 1447
276 1448
276 1449
276 1450
276 660
276 661
277 1451
277 1452
277 360
277 1453
277 1454
278 1455
279 1456
279 1457
280 1361
280 1458
280 1459
281 800
281 801
281 882
281 884
281 806
282 1291
282 1293
282 1295
282 1460
283 1303
283 1304
283 1305
283 1306
284 1292
284 1294
284 1296
284 1298
285 1362
285 1363
285 1461
285 1462
286 1022
286 1033
287 1463
288 1464
288 1465
289 1400
290 1403
290 1466
291 1368
292 1467
292 1468
292 1409
293 1469
293 1470
293 685
294 878
294 879
294 880
294 881
294 883
295 1471
295 1472
295 101
295 105
295 1053
295 1086
296 1473
297 1474
297 851
298 1370
299 1475
300 1476
300 1365
300 686
301 1477
301 1478
301 730
301 1189
302 1307
302 1479
302 100
302 817
302 104
302 160
303 1480
303 1481
304 1482
304 1483
305 1484
305 1485
306 1486
307 1487
308 1203
308 1207
309 1167
309 1098
310 1488
310 747
310 748
310 587
310 752
310 753
310 857
310 756
310 600
310 1395
311 1489
311 1490
311 1491
311 1420
311 1432
311 1492
311 1493
312 1494
312 1495
312 1038
312 1041
313 1115
313 945
313 1116
313 946
313 1496
313 1131
313 1124
313 1497
313 1498
313 1343
313 1499
314 843
314 1500
315 1501
315 360
316 1502
316 522
316 1503
316 778
316 477
317 1504
317 554
317 834
318 1505
318 1506
318 1507
318 1508
318 1414
318 1426
318 1415
318 1427
318 542
318 1448
318 1451
318 1509
318 1510
318 1511
318 1453
319 486
319 1337
319 1512
319 1353
319 899
319 1513
319 1514
320 846
320 607
320 576
321 77
321 674
321 1515
321 1516
322 692
323 770
324 410
324 412
325 79
326 491
326 1449
326 1452
327 1256
327 1517
327 1518
327 1182
327 1276
328 498
328 512
328 661
328 1519
329 1520
329 1278
330 1171
330 1521
331 1336
331 1522
331 1523
331 1524
331 1525
331 1526
331 1527
331 1528
331 1529
331 1530
331 1531
332 1532
332 1533
332 1534
332 1269
332 1535
332 1536
332 1537
332 896
332 898
332 1538
332 1539
332 1540
332 1541
332 1542
332 1543
332 734
332 821
333 1544
333 1545
333 900
333 304
333 736
333 823
334 1546
334 1547
335 599
335 606
335 863
336 1548
336 407
336 888
337 390
337 391
337 1549
337 144
338 1550
339 1551
340 758
340 858
340 1186
340 1396
340 1552
340 1455
340 1553
340 1367
340 1554
340 629
340 571
340 1555
340 1556
341 88
341 1557
341 1558
341 1559
342 1442
343 889
343 903
343 905
344 1178
344 92
344 1351
344 1560
345 1179
346 1274
347 999
347 967
348 1003
348 973
349 1281
349 1286
350 1355
350 1282
350 1357
350 1288
350 1359
350 1561
350 1025
350 1562
350 1563
350 1564
350 1118
350 1565
350 1566
350 568
350 1567
350 1568
350 1474
350 1569
350 1570
351 1006
351 1061
352 1011
352 1063
353 1014
353 1016
353 975
353 1313
354 1361
354 1571
354 1572
354 1573
355 1018
355 1065
356 1463
356 1366
356 1574
356 1295
356 1305
356 1296
356 1311
356 1575
356 1576
357 1405
357 1033
358 1315
358 1577
358 1299
358 1578
359 306
359 739
359 826
359 307
360 361
361 1500
362 1489
362 1490
362 1244
362 1579
362 330
362 1420
362 1432
362 1492
362 1495
362 1580
362 1263
362 775
362 776
363 1113
363 943
363 1348
363 1581
363 313
363 1582
363 1491
363 1583
363 833
363 1256
363 1517
363 1520
363 1584
363 1121
363 1123
363 1336
363 1532
363 1337
363 1544
363 1585
363 1586
363 1587
363 1588
363 774
363 754
363 596
363 1342
363 1589
363 757
363 603
363 1590
363 1526
363 1535
363 1536
363 1591
363 1592
363 1593
363 1594
363 961
363 962
364 1595
365 1595
366 1114
366 944
366 1596
366 534
367 1153
367 1154
367 1518
367 846
367 1522
367 1533
367 1597
367 1262
367 334
367 755
367 598
367 1345
367 1598
367 1245
367 1599
368 1600
369 131
369 1247
370 1252
370 1601
371 1602
371 1603
372 1604
372 1160
373 1605
373 1606
374 1607
375 1332
376 1608
377 1608
378 1120
379 1333
380 1333
381 1125
382 1126
382 1127
383 1171
384 1521
385 1609
386 1609
387 949
388 1610
389 1610
390 1611
391 1389
392 1612
393 1613
394 1613
395 1613
396 1614
397 1614
398 1615
399 1616
400 1617
401 1349
402 1349
403 1349
404 1618
405 1618
406 1618
407 1077
408 1619
409 1392
410 1392
411 1392
412 1620
413 954
413 955
414 1394
415 957
415 959
416 958
416 960
417 1350
418 1621
419 1621
420 1621
421 839
421 886
421 833
421 664
421 501
421 339
421 665
421 85
421 866
421 246
421 278
421 724
421 808
421 809
421 874
421 251
421 289
421 252
421 729
421 815
421 734
421 821
421 835
422 1622
422 648
422 1602
422 1603
422 1416
422 1428
422 1623
422 1624
422 1437
422 1586
422 1498
422 754
422 1589
422 387
422 388
422 1499
422 756
422 757
422 407
422 416
422 650
422 1625
422 1167
422 1226
422 1231
422 1168
422 1626
422 1238
422 933
422 1330
422 1627
422 938
422 1628
422 855
422 1629
422 1630
423 1631
423 1632
423 1425
423 1633
423 1634
423 1608
423 57
423 1532
423 64
423 1585
423 1497
423 1342
423 1343
423 533
423 534
423 1535
423 1536
423 1550
423 535
423 415
423 577
423 1635
423 1199
423 1636
423 1637
423 1638
423 1164
423 1218
423 168
423 932
423 1639
423 937
423 584
423 1640
423 1641
423 1642
423 1643
423 1644
424 1645
424 1646
424 836
424 1647
424 1648
424 1649
424 135
424 1332
424 382
424 1336
424 857
424 596
424 1596
424 599
424 600
424 601
424 602
424 603
424 1615
424 1525
424 1526
424 606
424 607
424 413
424 633
424 634
424 925
424 865
424 1435
424 1650
424 1651
424 637
424 638
424 1652
424 639
424 1653
424 856
425 767
426 1491
426 888
426 1178
426 1274
426 1276
426 999
426 967
426 1006
426 1357
426 1061
426 179
426 1083
426 1367
426 1554
426 1026
426 1028
426 629
426 291
426 1467
426 1469
426 1654
426 1567
426 1655
426 1476
426 905
426 1531
426 1409
426 685
426 1411
426 927
427 1503
427 1656
427 893
427 674
427 867
427 1282
427 1356
427 872
427 1657
427 1556
427 1658
427 853
428 1659
428 1660
429 667
429 459
429 783
430 642
430 345
430 1661
430 97
430 1003
430 973
430 1288
430 1018
430 1065
430 1315
430 800
430 1316
430 1471
430 1039
430 1043
430 571
430 1477
430 1307
430 878
430 100
430 880
430 101
430 160
430 576
431 1438
432 1439
432 1662
433 1439
433 1662
434 273
434 654
435 858
435 859
435 862
435 1351
435 897
435 1005
435 1079
435 1552
435 1663
435 1291
435 1303
435 1292
435 1309
435 1362
435 725
435 810
435 811
435 1563
435 1664
435 849
435 1565
435 1665
435 903
435 1666
435 1461
435 735
435 822
436 616
436 675
436 1352
436 869
436 902
436 1283
436 1007
436 1080
436 624
436 1293
436 1304
436 1294
436 1310
436 1667
436 1465
436 628
436 630
436 1668
436 850
436 851
436 1669
436 632
436 1670
436 1671
436 305
436 738
436 825
437 847
437 892
437 1275
437 1277
437 1000
437 969
437 1008
437 1358
437 1062
437 180
437 1084
437 566
437 567
437 1029
437 1030
437 569
437 298
437 1468
437 1470
437 1672
437 570
437 572
437 573
437 1365
437 575
437 1673
437 686
438 1553
438 1566
438 1674
439 1004
439 974
440 1675
440 1568
440 1474
440 1676
440 1573
441 1677
441 1678
442 1679
442 1241
442 1680
443 836
443 837
443 838
443 832
443 77
443 646
443 647
443 110
444 1645
444 1646
444 1126
444 1127
444 1128
444 1129
444 1596
444 600
444 603
444 1615
444 408
444 607
444 413
445 1647
445 1681
445 133
445 135
445 1262
445 596
445 1547
445 1388
445 1682
445 755
445 389
445 391
445 392
445 638
445 1683
445 639
445 789
445 763
446 1648
446 767
446 1684
447 1649
447 1685
447 1248
447 172
447 173
447 1451
448 486
448 500
448 666
448 88
448 144
448 870
448 147
448 248
448 286
448 287
448 726
448 812
448 876
448 255
448 257
448 732
448 819
448 304
448 736
448 823
448 507
449 1686
449 1687
449 769
449 780
449 1688
449 1228
449 1233
450 1154
450 1549
450 1278
450 1001
450 971
450 1011
450 1063
450 1031
450 1032
450 1558
450 1559
450 1514
451 771
452 488
452 489
452 1689
452 1160
452 1161
452 380
452 383
452 1690
452 1522
452 1587
452 1523
452 598
452 1545
452 604
452 605
452 403
452 404
452 1527
452 920
452 922
452 1201
452 1202
452 1691
452 1166
452 660
452 1453
452 1692
452 934
452 936
452 1693
452 1694
452 790
452 641
453 1605
453 1606
453 1418
453 1430
453 384
453 1533
453 1588
453 1597
453 1534
453 1546
453 1695
453 390
453 1696
453 1697
453 1537
453 1698
453 1203
453 1204
453 1227
453 1232
453 935
453 1699
453 788
453 791
454 601
454 1700
454 1525
454 1591
454 1239
454 1240
455 602
455 1701
455 399
455 1526
455 1592
455 1241
455 1242
455 1243
456 538
457 1702
457 1703
458 667
458 539
458 540
458 674
458 675
458 867
458 869
458 871
458 149
458 872
458 288
458 877
458 297
458 303
458 730
458 816
458 817
458 733
458 820
458 305
458 738
458 825
458 306
458 739
458 826
458 307
459 642
460 1438
460 1662
460 1440
460 1704
460 1705
461 1706
461 1707
461 1708
462 1709
462 1708
463 542
464 87
464 89
464 868
464 247
464 279
464 725
464 810
464 811
464 727
464 813
464 814
464 875
464 253
464 290
464 254
464 731
464 818
464 735
464 822
464 737
464 824
465 1176
466 1442
466 1177
467 1442
467 1177
468 1656
468 893
468 1004
468 1356
468 974
468 1021
468 1066
468 1317
468 801
468 1374
468 1472
468 1045
468 1047
468 441
468 1478
468 1479
468 879
468 1189
468 104
468 881
468 105
468 1674
469 894
469 621
469 1002
469 972
469 1015
469 1064
469 1036
469 1037
469 631
469 1710
470 778
471 1309
471 1310
471 1311
471 1312
472 1034
472 1049
473 633
473 634
473 925
473 1180
473 1435
473 1181
473 1650
473 679
473 680
473 1652
473 1101
473 1103
473 856
474 781
475 782
476 783
477 784
478 785
479 1489
479 396
479 401
479 403
479 1535
479 1593
479 1345
479 417
479 908
479 915
479 919
479 920
480 1490
480 397
480 605
480 404
480 1536
480 1594
480 1598
480 418
480 909
480 916
480 922
481 1494
481 593
481 386
481 1495
481 1580
481 1524
481 609
481 610
481 1198
481 1207
481 1212
481 1208
481 1229
481 1234
481 939
481 940
481 722
482 1113
482 1115
483 1581
483 945
484 1632
484 1425
484 1633
485 841
485 744
485 829
485 745
485 830
486 1582
487 1634
487 1119
487 1550
487 414
487 415
487 1395
488 1138
488 1146
489 1142
489 1150
490 1139
490 1147
490 1263
490 1269
490 1711
490 410
490 1449
490 1393
490 1712
490 1713
490 1215
490 723
491 1714
491 1715
491 1417
491 1429
492 1143
492 1151
492 1452
492 1219
492 1224
493 1716
493 1230
493 1235
494 1689
494 1717
494 1073
494 1076
494 598
494 393
494 776
494 412
494 1718
494 1719
494 1635
494 1197
494 1211
494 1173
494 1159
494 641
495 1140
495 1148
496 1160
496 1162
496 981
496 982
496 1637
496 1202
496 1166
496 1206
496 1169
497 1144
497 1152
498 1720
498 1721
498 1419
498 1431
499 57
499 64
499 176
499 177
500 1722
501 1551
501 1723
502 1724
502 1725
503 1726
503 1727
504 740
504 741
504 746
505 906
505 926
505 681
506 1728
506 1636
506 584
507 1500
508 1638
508 1218
508 168
508 1097
508 1099
508 1261
508 1251
509 782
509 1691
509 1692
509 1729
509 1424
510 784
510 660
510 661
510 742
510 827
510 743
510 828
511 1453
511 1519
512 1730
512 1731
513 840
513 1413
513 1425
513 1633
513 1732
513 670
513 887
513 671
513 642
513 1421
513 1733
513 67
513 68
513 69
513 70
513 475
513 1642
513 1643
514 1622
514 838
514 1687
514 769
514 672
514 673
514 1589
514 387
514 1499
514 756
514 757
514 407
514 416
514 1422
514 1433
514 1734
514 1735
514 1625
514 1729
514 1424
514 938
515 885
515 79
515 92
515 834
515 154
515 256
515 296
515 111
516 1489
516 1490
516 1681
516 1684
516 1685
516 133
516 1248
516 1602
516 1603
516 1416
516 1428
516 1717
516 1162
516 379
516 1163
516 1337
516 1586
516 385
516 1262
516 1498
516 754
516 1492
516 1547
516 1388
516 1682
516 755
516 1548
516 391
516 1512
516 776
516 1700
516 1701
516 399
516 412
516 417
516 418
516 1451
516 908
516 909
516 1718
516 1719
516 1197
516 1205
516 1211
516 1206
516 1173
516 1159
516 1169
516 933
516 1736
516 1627
516 1737
516 1738
516 1683
516 1628
516 855
516 1629
516 789
516 763
517 1631
517 1342
517 1343
517 415
517 937
518 837
518 1686
519 839
519 886
520 1502
520 832
520 77
520 1739
520 1605
520 1606
520 1418
520 1430
520 85
520 342
520 89
520 889
520 847
520 895
520 778
520 1184
520 1277
520 1353
520 1361
520 724
520 808
520 809
520 1295
520 1305
520 1296
520 1311
520 1363
520 727
520 813
520 814
520 110
520 930
520 1713
520 1215
520 1219
520 1224
521 841
521 1716
522 646
522 780
523 1740
524 1139
524 1143
524 1147
524 1151
524 1741
525 647
525 1688
526 1659
526 1551
526 431
526 465
526 1194
526 1199
526 1133
526 1200
527 495
527 497
527 1226
527 1231
527 1742
528 1584
528 1496
528 892
528 1661
528 97
528 1743
528 1555
529 1121
529 1123
529 381
529 1131
529 1124
529 753
529 1744
529 854
530 384
530 1588
530 1696
530 1697
530 901
530 1462
530 737
530 824
530 935
531 1585
531 1597
531 1497
531 1546
531 1695
531 390
531 1711
531 410
531 1396
531 1455
531 1014
531 975
531 1745
531 1025
531 1118
531 1746
531 1404
531 1557
531 1112
531 1052
531 1673
531 1393
531 1712
531 932
531 1699
531 788
532 1263
532 1044
532 1046
532 723
533 396
533 397
533 915
533 916
534 1119
535 414
535 741
535 926
536 665
536 1660
536 1723
536 432
536 466
537 1660
537 1723
537 433
537 467
538 1723
539 1438
540 1439
541 1706
541 1709
541 1196
541 1203
541 1210
541 1204
542 1709
543 1707
543 1708
544 1708
545 1724
545 1747
546 1724
546 1747
546 1725
547 1440
547 1227
547 1232
548 1440
548 1704
549 1441
549 1705
550 1705
551 1174
552 1726
552 1748
553 1726
553 1748
553 1727
554 1175
555 861
555 1354
555 1013
555 1019
555 1082
555 976
555 1749
555 1460
555 1306
555 1298
555 1312
555 1750
555 1751
555 1752
555 904
555 1753
556 1446
556 1447
556 1754
557 1443
557 1755
557 1230
557 1756
558 94
558 873
558 155
558 259
558 299
559 1444
559 1445
560 1445
561 1275
561 1288
561 1358
561 1570
561 1757
561 1758
561 1759
562 1000
562 1760
563 1761
563 1009
563 1081
563 1564
563 1762
563 1763
563 1572
563 1576
563 1764
563 1639
563 1640
563 1644
563 791
564 1016
565 1020
565 1084
566 1765
567 1766
568 1039
568 1043
569 1767
569 1768
570 1769
570 1377
571 1770
572 1770
573 1771
574 1050
575 1772
575 1773
576 1774
576 1486
576 1775
576 1776
577 1728
578 1777
579 1778
580 1218
580 1223
581 1167
581 1168
582 1779
583 1228
583 1233
584 1272
584 1266
585 1641
586 1630
587 1117
587 947
588 589
589 1780
589 1781
590 839
591 1780
591 1782
592 486
592 1491
592 1155
592 888
592 144
592 1783
592 718
592 1784
593 376
593 378
593 1420
593 1432
594 383
594 1587
594 403
594 404
594 1710
594 920
594 922
594 934
594 936
595 386
595 939
595 940
596 1387
596 1785
597 1580
597 1786
597 722
598 1787
598 1610
599 389
600 953
601 394
601 914
602 395
602 913
603 1059
604 401
604 919
605 402
605 921
606 408
607 409
607 961
608 413
608 925
609 419
609 911
610 420
610 912
611 1702
611 1195
611 1201
611 1788
612 1702
612 1703
613 1703
614 539
614 540
614 1423
614 1434
614 1789
614 1692
615 550
615 551
616 1175
617 88
617 94
617 1352
617 287
617 726
617 812
617 929
618 1446
618 1229
618 1234
619 1447
620 1447
620 1754
621 1279
622 1002
622 972
623 1790
623 1562
623 1791
623 1575
623 1651
623 790
624 1456
624 1792
625 1793
625 1693
626 1794
626 1314
627 1293
627 1304
627 1795
628 1796
628 1797
629 1798
630 1799
631 1800
631 1801
632 1802
632 1803
633 1091
633 1093
634 1192
634 1193
635 1804
635 1805
635 1806
635 1166
636 1778
637 1807
637 1808
638 1270
638 1264
639 1390
639 1391
640 1653
641 1809
641 1810
642 1811
643 1488
643 1623
643 1074
643 1077
643 416
644 1348
644 364
644 1116
644 747
645 943
645 365
645 946
645 748
646 771
647 1507
647 1508
647 1415
647 1427
648 672
648 673
649 1624
649 948
649 949
650 1422
650 1433
650 1734
650 1735
651 1244
651 1645
651 1696
651 1245
651 609
651 184
652 1579
652 1646
652 1697
652 1599
652 610
652 1096
653 1054
653 942
653 590
653 314
653 766
653 1633
653 1505
653 691
653 772
653 1714
653 1507
653 1602
653 697
653 1605
653 1720
653 376
653 1126
653 1057
653 963
653 1340
653 988
653 997
653 1059
653 966
653 955
653 1734
653 165
653 109
653 1509
653 1226
653 1789
653 1730
653 1181
653 1227
653 1812
653 1228
653 1229
653 680
653 1230
654 1705
655 1176
655 1177
655 1755
655 1445
656 907
657 910
658 1092
658 1626
658 1238
658 1330
658 1078
658 1075
658 237
659 1698
659 1198
659 1212
660 1511
661 1813
662 190
662 793
662 191
662 794
662 671
662 131
662 133
662 55
662 138
662 139
662 238
662 239
662 199
662 797
662 200
662 798
662 243
662 69
662 117
662 119
662 167
662 123
662 678
663 591
663 315
663 766
663 1732
663 1506
663 692
663 773
663 1715
663 1508
663 1603
663 698
663 1606
663 1721
663 378
663 1127
663 983
663 950
663 1733
663 1735
663 719
663 1510
663 1692
663 1731
663 1650
663 1814
663 1103
664 1659
664 1660
665 1551
666 1702
666 1703
667 1811
668 1204
668 1208
669 1168
669 1100
670 1815
671 1816
672 1246
672 1788
673 1601
673 1196
674 1817
675 1818
676 1087
676 1088
676 1089
676 1090
677 1819
678 1820
679 1807
680 1808
681 1821
682 1677
683 1379
684 1822
685 1823
686 1410
687 1824
688 840
688 887
688 324
688 325
688 1139
688 1714
688 1715
688 1147
688 1151
688 1825
688 1140
688 1144
688 1152
688 1148
688 1720
688 1721
688 1417
688 1429
688 374
688 1419
688 1431
688 595
688 609
688 610
688 1449
688 1452
688 626
688 1730
688 1731
688 1424
688 1436
688 1813
688 1454
688 1814
688 1741
688 1742
689 1826
689 1827
690 1686
690 1828
691 1153
691 1829
692 1830
693 1155
693 376
693 378
693 385
693 417
693 418
693 908
693 909
693 1778
694 1252
695 370
695 380
695 337
695 604
695 605
695 864
696 1601
697 1140
698 1144
699 375
699 601
699 602
699 847
699 852
700 379
700 1700
700 1701
700 399
700 1783
701 1724
701 1726
701 1197
701 1205
701 1211
701 1206
701 1198
701 1207
701 1212
701 1208
702 1747
702 1725
702 1748
702 1727
703 1747
703 1725
703 1748
703 1727
704 862
704 632
704 575
705 1493
705 1038
705 1041
705 1786
705 1044
705 1046
706 92
706 1182
706 94
706 1184
706 1530
706 1541
706 1542
706 1112
706 1052
706 1753
707 895
707 904
708 1817
708 1831
708 1818
708 1275
708 1277
708 1353
708 1278
708 1354
708 1279
708 1515
708 351
708 1790
708 1761
708 848
708 1513
708 352
708 1832
708 1793
708 355
708 565
708 1675
708 628
708 849
708 1560
708 358
708 1743
708 1657
708 570
708 850
708 851
708 1531
708 1543
708 734
708 821
708 1673
708 1461
708 735
708 822
708 1514
708 304
708 736
708 823
708 1710
708 853
708 1462
708 737
708 824
708 305
708 738
708 825
708 576
708 359
708 1674
709 1356
709 1358
709 1360
709 1664
709 1762
709 1668
709 1676
709 1669
709 1757
710 1283
710 1280
711 1019
711 976
712 1362
712 1833
713 1834
713 1765
713 1764
714 1529
714 1516
714 1539
714 357
714 1746
714 1791
714 1750
714 1763
714 1540
714 1404
714 1751
715 633
715 1784
715 786
715 1835
715 1758
715 854
715 1651
715 1639
715 1737
715 1693
715 639
715 1653
715 1641
715 855
715 788
715 789
715 790
715 791
715 856
716 1625
716 1759
716 1628
716 1640
716 1629
716 1644
716 1630
717 1393
717 1718
717 1712
717 1719
717 111
718 927
719 1134
720 1215
720 1219
720 123
720 1224
720 1738
721 1173
721 1253
721 1159
721 1169
722 1836
722 1837
723 1273
723 1267
724 1571
725 1833
726 1574
727 1834
728 1654
728 1672
728 1411
729 1572
730 1480
730 1481
731 1666
731 1838
732 1575
733 1573
733 1839
734 1840
734 1841
735 1842
735 1843
736 1383
736 1483
737 1844
737 1845
738 1385
738 1485
739 1846
739 1847
740 1106
741 1108
742 1848
742 1849
743 1848
743 1850
744 1851
745 1852
746 1643
747 1853
748 1854
749 518
749 832
749 1832
749 110
749 1737
750 519
750 1739
751 840
751 1504
751 1154
751 887
751 325
751 1549
751 834
751 675
751 1357
751 1569
751 111
751 475
751 783
751 1835
752 1416
752 1428
753 1132
754 987
754 1387
755 1855
755 1787
756 952
757 1074
758 85
758 1665
758 1655
759 859
759 1185
759 1663
759 1667
759 1465
759 630
759 572
759 573
759 1658
760 89
760 1752
761 1354
761 931
762 634
762 1744
762 1627
762 1652
763 1273
763 1810
764 590
765 842
765 1782
766 1501
766 927
767 1856
767 1857
768 1826
768 1141
768 1145
768 1815
768 1138
768 1142
768 1146
768 611
768 1736
768 1694
769 322
770 1816
771 1816
772 1816
773 368
774 1523
774 1534
774 1695
774 1388
774 1682
775 1524
775 1269
775 1711
776 1858
776 1616
777 341
777 342
777 861
777 1528
777 1538
777 1745
777 1749
777 631
778 1184
778 1500
779 1857
780 1134
781 1134
782 1804
783 1859
784 1225
785 1860
786 1255
786 1260
786 1253
786 1861
787 1699
787 1683
787 763
787 641
788 1821
788 1849
789 1391
789 1862
790 1863
790 1862
791 1864
791 1865
792 1344
792 1866
792 1346
792 1867
793 943
794 365
795 946
796 748
797 397
797 402
798 1618
798 1621
799 1619
799 1594
799 916
799 921
800 1577
801 1318
802 1048
802 1051
803 1052
804 1868
804 1869
804 1870
804 1871
804 1775
804 1872
805 1840
805 1842
805 1383
805 1844
805 1385
805 1847
806 1873
806 1874
806 1774
806 1875
806 1876
806 1877
807 910
808 1571
809 1571
810 1833
811 1833
812 1366
813 1765
814 1765
815 1572
816 1480
816 1481
817 1878
817 1879
818 1666
818 1880
819 1575
820 1573
820 1839
821 1381
821 1841
821 1881
822 1882
822 1382
822 1883
823 1383
823 1884
823 1487
824 1384
824 1885
824 1886
825 1385
825 1887
825 1888
826 1889
826 1386
827 1848
827 1890
828 1891
828 1850
829 1851
830 1390
831 673
831 172
831 57
831 176
831 70
832 1583
833 1153
834 1817
834 1857
835 779
836 588
836 589
836 590
836 591
837 588
838 764
838 765
838 766
839 1780
839 1782
840 1892
840 1782
841 689
841 690
841 691
841 692
841 719
842 1780
843 1892
844 1501
845 1413
846 1418
846 1430
847 890
848 1561
849 1401
849 1403
850 1893
851 1376
852 1666
852 1671
853 1324
853 163
854 1329
854 1894
855 1266
855 1864
856 1837
856 1895
857 1128
857 1129
858 1174
859 87
860 616
860 1187
860 1670
861 1446
862 890
863 1896
863 1309
864 1297
864 1766
865 1897
865 1181
866 896
867 1186
868 1898
868 1899
869 1187
869 1280
870 1900
871 1281
871 1901
872 1561
873 1794
874 1025
875 1902
875 1746
876 1903
877 1407
877 1668
878 1300
878 1320
879 1302
879 1322
880 1190
881 1191
882 1868
882 1869
882 1870
882 1904
882 1775
882 1872
883 1905
883 1869
883 1870
883 1904
883 1775
883 1906
884 1381
884 1882
884 1884
884 1885
884 1887
884 1386
885 1732
885 779
886 1583
887 323
888 1754
889 1754
890 1907
891 1908
892 1443
893 1443
894 1755
895 1444
896 1279
897 1898
897 1909
898 1910
899 1001
899 971
900 1900
900 1281
901 1899
901 1911
902 1901
902 1287
903 1912
904 1913
905 1914
906 907
907 1915
908 1346
909 1346
910 1915
911 912
912 1915
913 914
914 1091
915 1192
916 1192
917 1916
918 1193
919 1193
920 1347
921 1916
922 1867
923 924
924 1867
925 1107
925 1096
926 1326
927 361
928 1857
929 1213
929 1216
929 117
929 1221
930 1172
930 1164
930 1158
930 1165
931 1214
931 1217
931 119
931 1222
932 1917
932 1918
933 1919
933 1920
934 1819
935 1920
935 1921
936 1921
937 1097
937 1922
938 1098
938 1100
939 1923
940 1924
941 1925
942 1581
943 1348
944 1926
945 1926
946 1853
947 1854
948 1927
949 1928
950 1855
951 1499
952 1389
953 1389
954 1929
955 1394
956 1394
957 958
958 1930
959 1350
960 1350
961 1931
962 1931
963 1597
963 1580
963 1922
963 1756
963 1932
963 1837
964 409
965 1546
965 1524
965 1933
965 1934
965 1272
965 1836
966 1935
967 1185
968 898
969 1760
970 1909
970 1911
971 1899
972 1355
973 1286
974 1936
975 1020
976 1398
977 1665
977 1799
977 1937
977 1938
978 1798
978 1767
978 1558
978 1800
978 1770
978 1677
978 1541
978 1753
979 1655
979 572
980 1939
980 1599
980 912
980 923
981 1608
981 1333
981 1339
981 1335
982 383
982 385
982 1918
982 936
982 1940
983 384
983 1609
983 1920
983 1921
983 940
984 1941
984 1690
984 1942
984 1943
985 1944
985 1492
985 1917
985 934
985 1808
986 1533
986 1495
986 1919
986 1920
986 939
987 1945
988 1387
988 1928
988 1629
988 1849
989 1785
989 1682
989 1391
989 1862
990 1927
991 1855
991 1935
992 1787
992 1858
993 1787
993 1858
993 1712
993 1810
994 1610
994 1616
994 1719
994 1810
995 388
995 1611
995 1628
995 1821
996 1613
996 1620
996 1718
996 1809
997 395
997 1616
998 1946
998 1592
998 913
998 918
999 896
1000 1186
1001 1760
1002 1900
1003 1899
1004 1911
1005 1947
1006 1947
1007 1948
1008 1948
1009 1949
1010 1950
1010 1456
1010 1313
1010 1457
1011 1950
1012 1951
1012 1792
1012 1952
1012 1953
1013 1951
1014 1954
1015 1955
1016 1955
1017 1792
1018 1956
1019 1794
1020 1957
1021 1958
1022 1952
1023 1463
1023 1667
1024 1554
1024 567
1025 1959
1026 1563
1027 1563
1027 1796
1027 1539
1027 1750
1028 1400
1029 1902
1030 1401
1031 1797
1032 1405
1033 1960
1034 1665
1034 1799
1034 1937
1034 1938
1035 1798
1035 1768
1035 1559
1035 1801
1035 1770
1035 1678
1035 1542
1035 1753
1036 1961
1037 1402
1038 1473
1039 1473
1040 1466
1040 1769
1041 1799
1042 1568
1042 850
1043 1767
1044 1475
1045 1769
1046 1893
1047 1962
1048 1655
1048 573
1049 1912
1049 1803
1049 1838
1049 1913
1050 1111
1051 1914
1051 1773
1052 1963
1053 1905
1053 1964
1053 1965
1053 1904
1053 1776
1053 1906
1054 1113
1054 1109
1054 394
1055 1115
1056 1590
1056 1591
1056 914
1056 917
1057 1586
1057 1588
1057 1864
1057 1865
1057 1895
1058 1966
1058 1266
1058 1864
1058 1837
1059 1935
1060 408
1061 1561
1062 1949
1063 1956
1064 1795
1065 1967
1066 1953
1067 1565
1067 1797
1067 1540
1067 1751
1068 1912
1068 1802
1068 1968
1068 1913
1069 1914
1069 1772
1070 1458
1070 1842
1070 1482
1070 1844
1070 1484
1070 307
1071 1841
1071 1843
1071 1485
1071 1846
1071 1483
1071 1845
1072 1881
1072 1883
1072 1889
1072 1888
1072 1487
1072 1886
1073 1969
1073 1587
1073 1644
1073 1862
1074 1614
1075 1895
1076 1497
1076 1523
1076 1640
1076 1863
1077 1619
1078 1970
1079 1359
1080 1396
1081 1792
1082 1957
1083 1952
1084 1971
1085 1893
1085 1669
1086 1873
1086 1822
1086 1486
1086 1972
1086 1876
1086 1973
1087 1882
1087 1874
1087 1885
1087 1774
1087 1875
1087 1877
1088 1873
1088 1822
1088 1486
1088 1875
1088 1876
1088 1877
1089 1459
1089 1843
1089 306
1089 1485
1089 1483
1089 1974
1090 1841
1090 1883
1090 1889
1090 1888
1090 1487
1090 1886
1091 1975
1092 1093
1093 1094
1094 1975
1095 1347
1096 1326
1097 1942
1098 1270
1099 1922
1100 1264
1101 1932
1102 1976
1103 1863
1104 1836
1105 1895
1106 1915
1107 1977
1108 1326
1109 400
1110 1946
1110 1593
1110 915
1110 919
1111 1978
1112 1914
1113 1939
1114 1595
1115 1926
1116 1853
1117 1854
1118 1401
1119 1617
1120 1979
1121 1120
1122 1979
1123 1122
1124 1980
1125 1981
1126 1125
1127 1981
1128 1132
1129 1969
1130 1982
1131 1130
1132 1980
1133 1829
1134 1135
1135 1983
1136 947
1137 1826
1138 772
1139 1740
1140 1984
1141 1582
1142 368
1143 1825
1144 1984
1145 886
1146 1740
1147 1247
1148 1985
1149 1815
1150 1146
1151 1414
1152 1148
1153 1830
1154 1815
1155 368
1156 1604
1156 1806
1157 1607
1158 1220
1159 1328
1160 697
1161 1986
1161 1805
1162 1607
1163 1521
1163 1253
1164 1216
1165 1805
1166 1987
1167 1987
1168 1327
1169 1679
1170 1986
1170 1804
1171 1981
1172 1510
1173 1897
1174 1988
1175 1174
1176 1989
1177 1990
1178 890
1179 891
1180 1897
1181 1991
1182 1444
1183 1908
1184 1183
1185 1898
1186 1898
1187 898
1188 1912
1189 1803
1190 1992
1191 1993
1192 1975
1193 1916
1194 1827
1195 1994
1196 1859
1197 1779
1198 1861
1199 1828
1200 719
1201 1994
1202 1788
1203 1806
1204 1779
1205 1257
1206 1255
1207 1328
1208 1454
1209 1788
1210 1995
1211 1731
1212 1813
1213 1996
1214 1158
1215 1260
1216 1996
1217 1805
1218 1987
1219 1997
1220 1859
1221 1804
1222 1860
1223 1998
1224 1679
1225 1859
1226 1511
1227 1436
1228 1329
1229 1807
1230 1940
1231 1511
1232 1917
1233 1921
1234 1942
1235 1756
1236 1997
1237 1999
1238 2000
1239 1679
1239 1894
1240 1680
1240 1338
1241 1917
1242 1680
1242 2001
1243 1820
1244 1939
1245 1866
1246 1825
1247 1246
1248 1601
1248 1861
1249 1999
1250 1918
1251 1104
1252 2002
1253 1997
1254 2003
1255 1327
1256 698
1257 1995
1258 1517
1258 1998
1259 2004
1260 1249
1261 1102
1262 2005
1263 2006
1264 1934
1265 1924
1266 1102
1267 1970
1268 1927
1269 1612
1270 2007
1271 2008
1272 1924
1273 1836
1274 1831
1275 2009
1276 1831
1277 1733
1278 2010
1279 2011
1280 1949
1281 2012
1282 1911
1283 1936
1284 1577
1285 1475
1286 1901
1287 2013
1288 1948
1289 1578
1290 2014
1291 1896
1292 1896
1293 1399
1294 1795
1295 1464
1296 2015
1297 1465
1298 1766
1299 1678
1300 1578
1301 2014
1302 2014
1303 1896
1304 1399
1305 1464
1306 1297
1307 1299
1308 1302
1309 1956
1310 1795
1311 1554
1312 1766
1313 1958
1314 1967
1315 1402
1316 1577
1317 2016
1318 2016
1319 1883
1320 1323
1321 1324
1322 1324
1323 2017
1324 2018
1325 2018
1326 1977
1327 2019
1328 1237
1329 1819
1330 1894
1331 945
1332 1979
1333 1431
1334 1923
1335 1271
1336 1521
1337 1690
1338 1820
1339 1334
1340 987
1340 990
1340 954
1341 961
1342 1268
1343 1611
1344 941
1345 1866
1346 910
1347 921
1348 1581
1349 1617
1350 2020
1351 1831
1352 1818
1353 2010
1354 2010
1355 2012
1356 1936
1357 1947
1358 1359
1359 2021
1360 2021
1361 1955
1362 1794
1363 1834
1364 1771
1365 1578
1366 1574
1367 1953
1368 1961
1369 1406
1370 1768
1371 1375
1372 1406
1373 1375
1374 1318
1375 1408
1376 1962
1377 1559
1378 1677
1379 2022
1380 2022
1381 1840
1382 1964
1383 1482
1384 1325
1385 1484
1386 1847
1387 1945
1388 990
1389 1612
1390 1852
1391 1976
1392 1929
1393 1916
1394 1930
1395 1931
1396 1360
1397 1951
1398 1967
1399 1958
1400 1959
1401 2023
1402 2024
1403 1565
1404 1408
1405 1960
1406 1961
1407 1750
1408 2025
1409 1823
1410 1884
1411 1823
1412 1824
1413 1501
1414 1246
1415 1152
1416 2004
1417 2026
1418 2026
1419 1122
1420 1941
1421 2027
1422 2012
1422 781
1423 1225
1424 1861
1425 1856
1425 1817
1426 2002
1427 2003
1428 1986
1429 2026
1430 1607
1431 1981
1432 1941
1433 2012
1433 1777
1434 1806
1435 2000
1436 1991
1437 1124
1437 66
1438 1811
1439 1811
1440 2028
1441 2028
1442 1990
1443 1755
1444 1183
1445 1183
1446 1990
1447 1907
1448 2027
1448 928
1449 1187
1449 1200
1450 361
1451 1421
1451 928
1452 1910
1452 780
1453 1789
1454 2029
1455 1950
1456 1954
1457 1314
1458 1905
1459 2030
1460 1297
1461 1842
1461 1843
1462 1844
1462 1974
1463 1971
1464 2015
1465 2031
1466 2032
1467 218
1467 228
1468 223
1468 230
1468 1410
1469 1369
1469 682
1470 1371
1470 683
1470 687
1471 1284
1471 1289
1471 161
1472 1285
1472 1290
1472 163
1473 2024
1474 1768
1475 2016
1476 1364
1476 684
1477 1299
1477 1188
1477 1319
1478 1301
1478 1321
1479 1308
1479 162
1480 1992
1481 1993
1482 2017
1483 1776
1484 2033
1485 1972
1486 1887
1487 2034
1488 941
1489 1344
1490 1344
1491 1686
1492 1785
1493 1406
1493 1473
1494 1244
1494 1579
1495 1785
1496 1130
1497 2005
1498 1966
1499 1611
1500 1781
1501 1892
1502 767
1502 835
1503 451
1503 474
1503 785
1504 885
1504 523
1504 578
1504 1779
1505 1826
1505 1827
1506 1582
1506 1829
1507 1740
1508 1825
1509 1994
1510 1213
1511 1860
1512 392
1512 1591
1512 1592
1513 1009
1513 1081
1514 1870
1514 1965
1514 1885
1514 1876
1515 1005
1515 1079
1515 1017
1515 1083
1516 1797
1516 1032
1517 1984
1518 1986
1519 1454
1520 2003
1520 1259
1521 1982
1522 1944
1523 1966
1524 1612
1525 1590
1526 1946
1527 1345
1527 1598
1528 1399
1528 1022
1529 1903
1529 1407
1530 1111
1531 1868
1531 1905
1531 1882
1531 1873
1532 1941
1533 1944
1534 1966
1535 1946
1536 1619
1537 1245
1537 1599
1538 1313
1538 1952
1539 1405
1540 2032
1541 1913
1542 2035
1543 1458
1543 1459
1544 1690
1545 393
1545 1593
1545 1594
1546 1268
1547 1268
1548 388
1549 891
1550 411
1550 962
1551 1722
1552 1950
1552 1951
1553 1463
1553 1464
1554 2015
1555 1188
1555 1190
1556 1480
1556 1878
1557 1937
1558 1937
1559 2036
1560 1368
1560 1369
1560 1372
1560 1364
1560 682
1560 1378
1561 1360
1562 1026
1562 1028
1563 1959
1564 1400
1565 1903
1566 1407
1566 1893
1567 1466
1567 1376
1568 1767
1569 684
1569 1823
1570 1319
1570 1323
1571 1954
1572 1290
1573 1542
1574 1971
1575 1879
1576 1968
1576 1838
1577 2024
1578 2022
1579 1939
1580 1855
1581 1925
1582 2037
1583 2037
1584 1120
1584 1122
1585 1969
1586 1969
1587 1944
1588 1609
1589 948
1590 2038
1591 1620
1592 1620
1593 1929
1594 954
1595 2039
1596 950
1597 2005
1598 1866
1599 1930
1600 2040
1601 2002
1602 1604
1603 1604
1604 2002
1605 1984
1606 1517
1607 2026
1608 1979
1609 2005
1610 2006
1611 2041
1612 2041
1613 2042
1614 2042
1615 966
1616 400
1617 2043
1618 2038
1619 2038
1620 1929
1621 2020
1622 1488
1622 644
1622 645
1622 656
1622 657
1623 1121
1623 59
1623 1131
1623 65
1624 1123
1624 61
1625 1092
1625 1105
1626 1236
1626 1329
1627 1933
1627 1922
1628 1851
1629 1976
1630 1078
1630 1075
1631 482
1631 483
1631 1395
1631 740
1631 906
1632 1413
1632 1732
1632 1421
1632 1733
1633 2044
1633 1818
1634 670
1634 671
1634 55
1634 62
1635 1194
1635 1133
1635 1172
1635 1158
1636 67
1636 69
1636 677
1636 678
1637 1200
1637 1165
1638 68
1638 70
1638 1223
1638 1250
1639 1942
1639 1339
1640 1932
1641 1102
1641 1104
1642 1821
1643 1976
1644 1863
1645 1114
1645 1117
1646 944
1646 947
1647 842
1647 844
1647 131
1647 1450
1647 1213
1647 117
1647 167
1648 314
1648 315
1648 322
1648 323
1649 843
1649 845
1649 1247
1649 1258
1649 360
1649 1216
1649 1221
1649 1249
1650 2029
1651 1338
1651 1334
1652 1272
1652 1932
1653 1101
1653 1103
1654 1372
1654 1378
1655 1801
1656 1185
1656 848
1656 206
1657 1317
1657 1318
1657 1285
1657 1301
1657 1302
1657 1290
1658 1803
1658 1191
1659 1722
1660 1722
1661 1355
1661 205
1662 2045
1663 1397
1663 1456
1664 1902
1664 1403
1665 1960
1666 1992
1667 1834
1668 1404
1669 1377
1670 1481
1670 1879
1671 1839
1672 1373
1672 1379
1672 1412
1673 1869
1673 1964
1673 1874
1673 1822
1674 1875
1674 1972
1674 1872
1674 1906
1675 1021
1675 1066
1676 1045
1676 1047
1677 1771
1678 2022
1679 1991
1680 2029
1681 1137
1681 1145
1681 1254
1681 1448
1681 1214
1681 119
1681 1255
1682 1928
1683 1271
1683 1265
1684 1505
1684 1506
1684 1414
1684 1426
1685 1141
1685 1149
1685 1259
1685 1217
1685 1222
1685 1260
1686 1583
1687 770
1687 772
1687 773
1688 1509
1688 1510
1689 1156
1689 1170
1689 1195
1689 1209
1690 1980
1691 1423
1691 1434
1691 1789
1692 1257
1693 1943
1693 1335
1694 1848
1694 1891
1695 990
1695 1928
1696 405
1696 924
1697 406
1697 923
1698 1196
1698 1210
1699 1934
1699 1756
1700 400
1700 917
1701 918
1702 2046
1703 2046
1704 1441
1705 2028
1706 1662
1707 1709
1708 2045
1709 2045
1710 1871
1710 1904
1710 1877
1710 1973
1711 1935
1711 1858
1712 1977
1713 123
1714 1507
1714 1509
1715 1508
1715 1996
1716 694
1716 696
1716 697
1716 698
1717 1157
1717 1171
1718 917
1719 1107
1720 2003
1721 2004
1722 2047
1723 2046
1724 2048
1725 2048
1726 1175
1727 1989
1728 1094
1728 1347
1729 1436
1729 1812
1729 1814
1730 1998
1731 1327
1732 2044
1733 2009
1734 2013
1734 1994
1735 1287
1735 1195
1736 1894
1736 1243
1736 1338
1736 2001
1737 1339
1737 1335
1738 1808
1738 1940
1739 833
1740 1600
1741 1851
1741 1390
1741 1852
1742 1849
1742 1890
1742 1850
1743 1370
1743 1375
1743 1365
1743 1380
1743 1379
1744 1236
1744 2000
1745 1398
1745 1457
1746 1798
1747 2048
1748 1989
1749 1457
1749 1953
1750 1961
1751 1769
1752 1938
1753 1963
1754 1907
1755 1908
1756 1924
1757 1410
1757 687
1757 1412
1758 1328
1758 1250
1759 677
1759 678
1760 1910
1761 1008
1761 1062
1762 1029
1762 1030
1763 1402
1763 1466
1764 1838
1764 1880
1765 2031
1766 2031
1767 2032
1768 2025
1769 2016
1770 1771
1771 2049
1772 1839
1773 1963
1774 1887
1775 1776
1776 2050
1777 1135
1778 785
1779 1995
1780 2040
1781 2051
1782 1781
1783 894
1783 507
1784 1257
1784 1998
1784 167
1784 1249
1785 1945
1786 1408
1786 1475
1787 2006
1788 1996
1789 1995
1790 1007
1790 1080
1791 1036
1791 1037
1792 2052
1793 1955
1793 1064
1794 1957
1795 1958
1796 1902
1797 1903
1798 1960
1799 2032
1800 1938
1801 2036
1802 1993
1803 1993
1804 1220
1805 1220
1806 1225
1807 2007
1808 1943
1809 2053
1810 1267
1811 2047
1812 1813
1813 2029
1814 1918
1815 1830
1816 2037
1817 2027
1818 2009
1819 2054
1820 2054
1821 1643
1822 2030
1823 2055
1824 2018
1825 1600
1826 2044
1827 1983
1828 1829
1829 1827
1830 2037
1831 2027
1832 1013
1832 1082
1833 1957
1834 2015
1835 2000
1835 1650
1836 2056
1837 1970
1838 1978
1839 1963
1840 2057
1841 1459
1842 1964
1843 2055
1844 1325
1845 2034
1846 1888
1847 2034
1848 1271
1849 1809
1850 2053
1851 2058
1852 2058
1853 2039
1854 2039
1855 2006
1856 2044
1857 1781
1858 1617
1859 1983
1860 2019
1861 1237
1862 2053
1863 2056
1864 1104
1865 1850
1866 1930
1867 1977
1868 1773
1869 1840
1870 2055
1871 1824
1872 1973
1873 1382
1874 1881
1875 1972
1876 2050
1877 1847
1878 1992
1879 2059
1880 1978
1881 2030
1882 1382
1883 2017
1884 2018
1885 1325
1886 1845
1887 1484
1888 2033
1889 1846
1890 2053
1891 2058
1892 2040
1893 1962
1894 1820
1895 1970
1896 1956
1897 1997
1898 2011
1899 2060
1900 1909
1901 2060
1902 1959
1903 2023
1904 1824
1905 2057
1906 1845
1907 1908
1908 2061
1909 1910
1910 2061
1911 2060
1912 2014
1913 2035
1914 2035
1915 2062
1916 2062
1917 1991
1918 2054
1919 1680
1920 1819
1921 2054
1922 1923
1923 2008
1924 1891
1925 2063
1926 2039
1927 2041
1928 1927
1929 2064
1930 2064
1931 2020
1932 1852
1933 1270
1934 2008
1935 2042
1936 1901
1937 1962
1938 1801
1939 1925
1940 1891
1941 1982
1942 2007
1943 1923
1944 2065
1945 2065
1946 2038
1947 2013
1948 2013
1949 2066
1950 2066
1951 2066
1952 1967
1953 1971
1954 2052
1955 1954
1956 2052
1957 2052
1958 2067
1959 2031
1960 2023
1961 2023
1962 2036
1963 2057
1964 2068
1965 2055
1966 1945
1967 2067
1968 1978
1969 1980
1970 2056
1971 2067
1972 1846
1973 2034
1974 1906
1975 2062
1976 2058
1977 2062
1978 2059
1979 2069
1980 2065
1981 2069
1982 2069
1983 2051
1984 2070
1985 2070
1986 1985
1987 1860
1988 2071
1989 1988
1990 1989
1991 1999
1992 2059
1993 2059
1994 1135
1995 2019
1996 1983
1997 1999
1998 2019
1999 2072
2000 1237
2001 2007
2002 1600
2003 2004
2004 1985
2005 2065
2006 2041
2007 2008
2008 2073
2009 2011
2010 2009
2011 2061
2012 2060
2013 2021
2014 2049
2015 2074
2016 2036
2017 2068
2018 2068
2019 2072
2020 2064
2021 2071
2022 2049
2023 2074
2024 2025
2025 2074
2026 1985
2027 2011
2028 2045
2029 2072
2030 2068
2031 2074
2032 2025
2033 2075
2034 2033
2035 2057
2036 2076
2037 2040
2038 2043
2039 1925
2040 2063
2041 2077
2042 2043
2043 2077
2044 1892
2045 1988
2046 2047
2047 1988
2048 2028
2049 2076
2050 2033
2051 2078
2052 2067
2053 2056
2054 2072
2055 2030
2056 2073
2057 2076
2058 2073
2059 2049
2060 2061
2061 2071
2062 2051
2063 2079
2064 2077
2065 2070
2066 2021
2067 2071
2068 2076
2069 2070
2070 2063
2071 2075
2072 2073
2073 2051
2074 2075
2075 2080
2076 2075
2077 2063

0
1
2
3
4
5
6
7
8
9
10
11
12
13
14
15
16
17
18
19
20
21
22
23
24
25
26
27
28
29
30
31
32
33
34
35
36
37
2079
2080
2078
