1176 3977

0 8
0 9
0 10
0 11
0 12
0 13
0 14
0 15
0 16
0 17
0 18
1 8
1 9
1 10
1 11
1 12
1 13
1 14
1 15
1 16
1 17
1 18
2 8
2 9
2 10
2 11
2 12
2 13
2 14
2 15
2 16
2 17
2 18
3 19
3 20
3 21
3 22
3 23
3 24
3 25
3 26
4 19
4 20
4 21
4 22
4 23
4 24
4 25
4 26
5 19
5 20
5 21
5 22
5 23
5 24
5 25
5 26
6 27
6 28
6 29
6 30
6 31
6 32
6 33
6 34
6 35
6 36
6 37
6 38
6 39
6 40
6 41
6 42
6 43
6 44
6 45
6 46
6 47
6 48
6 49
6 50
6 51
6 52
6 53
6 54
6 55
6 56
6 57
6 58
6 59
6 60
6 61
6 62
6 63
6 64
6 65
6 66
6 67
6 68
6 69
6 70
6 71
6 72
6 73
6 74
6 75
6 76
6 77
6 78
6 79
6 80
6 81
6 82
6 83
6 84
6 85
6 86
6 87
6 88
6 89
6 90
6 91
6 92
6 93
6 94
6 95
6 96
6 97
6 98
6 99
6 100
6 101
6 102
6 103
6 104
6 105
6 106
6 107
6 108
6 109
6 110
6 111
6 112
6 113
6 114
6 115
6 116
6 117
6 118
6 119
6 120
6 121
6 122
6 123
6 124
6 125
6 126
6 127
6 128
6 129
6 130
6 131
6 132
6 133
6 134
6 135
6 136
6 137
6 138
6 139
6 140
6 141
6 142
6 143
6 144
6 145
6 146
6 147
6 148
6 149
6 150
6 151
6 152
6 153
6 154
6 155
6 156
6 157
6 158
6 159
6 160
6 161
6 162
6 163
6 164
6 165
6 166
6 167
6 168
6 169
6 170
6 171
6 172
6 173
6 174
6 175
6 176
6 177
6 178
6 179
6 180
6 181
6 182
6 183
6 184
6 185
6 186
6 187
6 188
6 189
6 190
6 191
6 192
6 193
6 194
6 195
6 196
6 197
6 198
6 199
6 200
6 201
6 202
6 203
6 204
6 205
6 206
6 207
6 208
6 209
6 210
6 211
6 212
6 213
6 214
6 215
6 216
6 217
6 218
6 219
6 220
6 221
6 222
6 223
6 224
6 225
6 226
6 227
6 228
6 229
6 230
6 231
6 232
6 233
6 234
6 235
6 236
6 237
7 27
7 28
7 29
7 30
7 31
7 32
7 33
7 34
7 35
7 36
7 37
7 38
7 39
7 40
7 41
7 42
7 43
7 44
7 45
7 46
7 47
7 48
7 49
7 50
7 51
7 52
7 53
7 54
7 55
7 56
7 57
7 58
7 59
7 60
7 61
7 62
7 63
7 64
7 65
7 66
7 67
7 68
7 69
7 70
7 71
7 72
7 73
7 74
7 75
7 76
7 77
7 78
7 79
7 80
7 81
7 82
7 83
7 84
7 85
7 86
7 87
7 88
7 89
7 90
7 91
7 92
7 93
7 94
7 95
7 96
7 97
7 98
7 99
7 100
7 101
7 102
7 103
7 104
7 105
7 106
7 107
7 108
7 109
7 110
7 111
7 112
7 113
7 114
7 115
7 116
7 117
7 118
7 119
7 120
7 121
7 122
7 123
7 124
7 125
7 126
7 127
7 128
7 129
7 130
7 131
7 132
7 133
7 134
7 135
7 136
7 137
7 138
7 139
7 140
7 141
7 142
7 143
7 144
7 145
7 146
7 147
7 148
7 149
7 150
7 151
7 152
7 153
7 154
7 155
7 156
7 157
7 158
7 159
7 160
7 161
7 162
7 163
7 164
7 165
7 166
7 167
7 168
7 169
7 170
7 171
7 172
7 173
7 174
7 175
7 176
7 177
7 178
7 179
7 180
7 181
7 182
7 183
7 184
7 185
7 186
7 187
7 188
7 189
7 190
7 191
7 192
7 193
7 194
7 195
7 196
7 197
7 198
7 199
7 200
7 201
7 202
7 203
7 204
7 205
7 206
7 207
7 208
7 209
7 210
7 211
7 212
7 213
7 214
7 215
7 216
7 217
7 218
7 219
7 220
7 221
7 222
7 223
7 224
7 225
7 226
7 227
7 228
7 229
7 230
7 231
7 232
7 233
7 234
7 235
7 236
7 237
8 238
8 29
8 33
8 239
8 45
8 48
8 240
8 241
8 54
8 242
8 243
8 57
8 136
8 244
8 245
8 246
8 247
8 248
8 249
8 137
8 250
8 251
8 138
8 139
8 252
8 140
8 141
8 253
8 254
8 142
8 143
8 255
8 175
8 176
8 256
8 177
8 178
8 179
8 257
8 203
8 258
8 259
8 215
8 216
8 260
8 217
8 261
8 262
8 263
8 225
8 264
8 265
8 266
8 267
8 268
8 269
8 270
8 271
8 272
9 30
9 43
9 273
9 63
9 274
9 127
9 128
9 129
9 130
9 131
9 132
9 275
9 133
9 134
9 276
9 277
9 278
9 135
9 279
9 280
9 281
9 170
9 171
9 172
9 282
9 283
9 173
9 174
9 284
9 210
9 285
9 286
9 287
9 211
9 288
9 212
9 289
9 290
9 291
9 213
9 214
9 292
9 293
9 294
9 295
9 229
9 296
9 297
9 298
9 299
9 300
9 301
9 302
9 271
9 272
9 303
10 34
10 304
10 35
10 58
10 305
10 67
10 306
10 307
10 76
10 79
10 308
10 309
10 310
10 311
10 85
10 312
10 144
10 145
10 313
10 314
10 315
10 146
10 147
10 180
10 316
10 181
10 182
10 317
10 318
10 319
10 320
10 321
10 322
10 323
10 324
10 325
10 326
10 327
10 235
10 328
10 329
10 236
10 237
10 330
10 331
11 332
11 333
11 36
11 334
11 335
11 59
11 86
11 87
11 336
11 337
11 338
11 339
11 88
11 89
11 340
11 341
11 90
11 342
11 343
11 344
11 91
11 345
11 346
11 148
11 149
11 347
11 150
11 151
11 152
11 153
11 154
11 348
11 349
11 183
11 184
11 350
11 351
11 185
11 186
11 352
11 353
11 187
11 188
11 354
11 218
11 219
11 355
11 226
11 356
11 357
11 358
11 359
11 360
11 361
11 362
11 363
11 331
11 364
12 365
12 37
12 38
12 366
12 367
12 60
12 92
12 368
12 369
12 93
12 370
12 94
12 95
12 371
12 96
12 372
12 97
12 373
12 374
12 155
12 156
12 375
12 376
12 377
12 157
12 158
12 378
12 379
12 159
12 380
12 381
12 189
12 190
12 382
12 383
12 384
12 319
12 385
12 386
12 387
12 388
12 231
12 232
12 389
12 390
12 233
12 234
12 391
12 392
12 360
12 393
12 394
12 364
12 395
12 396
13 397
13 39
13 61
13 398
13 399
13 98
13 99
13 400
13 100
13 401
13 402
13 403
13 404
13 405
13 101
13 102
13 406
13 407
13 408
13 103
13 104
13 160
13 161
13 409
13 410
13 411
13 162
13 163
13 412
13 413
13 191
13 414
13 192
13 415
13 204
13 416
13 417
13 418
13 220
13 419
13 420
13 421
13 227
13 422
13 423
13 228
13 424
13 425
13 426
13 427
13 428
13 429
13 430
13 230
13 431
13 432
13 433
13 434
14 435
14 436
14 40
14 437
14 438
14 439
14 105
14 440
14 106
14 441
14 107
14 108
14 109
14 442
14 443
14 110
14 111
14 112
14 113
14 444
14 445
14 446
14 447
14 448
14 114
14 449
14 164
14 165
14 450
14 451
14 452
14 193
14 194
14 195
14 453
14 196
14 197
14 454
14 455
14 456
14 205
14 206
14 457
14 458
14 221
14 222
14 459
14 223
14 224
14 460
14 428
14 461
14 462
14 463
14 464
14 465
14 466
14 467
14 468
14 469
14 470
14 471
14 472
14 473
14 434
15 41
15 42
15 474
15 475
15 62
15 476
15 115
15 116
15 117
15 118
15 119
15 477
15 120
15 121
15 122
15 478
15 123
15 479
15 480
15 481
15 482
15 124
15 125
15 126
15 483
15 484
15 485
15 166
15 167
15 486
15 487
15 168
15 488
15 169
15 489
15 490
15 491
15 198
15 199
15 492
15 493
15 200
15 201
15 494
15 495
15 202
15 207
15 208
15 209
15 496
15 497
15 498
15 499
15 500
15 501
15 502
15 503
15 504
15 505
15 473
15 506
15 507
16 508
17 509
18 510
19 27
19 30
19 35
19 36
19 38
19 39
19 40
19 42
19 55
19 58
19 59
19 60
19 61
19 62
19 63
19 83
19 84
19 85
19 91
19 104
19 114
19 135
19 142
19 143
19 147
19 159
19 169
19 188
19 197
19 202
19 214
19 217
19 220
19 234
20 28
20 29
20 50
20 51
20 52
20 96
20 112
20 124
20 134
20 140
20 152
20 153
20 158
20 163
20 173
20 178
20 181
20 195
20 201
20 205
20 219
20 228
20 237
21 31
21 41
21 43
21 69
21 70
21 71
21 87
21 100
21 106
21 118
21 129
21 148
21 156
21 161
21 165
21 170
21 176
21 184
21 189
21 198
21 204
21 208
21 215
21 222
22 32
22 33
22 34
22 37
22 56
22 57
22 77
22 78
22 79
22 90
22 94
22 101
22 108
22 109
22 121
22 122
22 123
22 132
22 138
22 144
22 166
22 172
22 185
22 193
22 224
22 225
22 226
22 229
22 230
22 231
23 44
23 45
23 46
23 47
23 48
23 49
23 95
23 102
23 110
23 111
23 133
23 139
23 145
23 150
23 151
23 157
23 162
23 167
23 177
23 180
23 186
23 194
23 200
23 212
23 218
23 232
23 236
24 53
24 54
24 80
24 81
24 82
24 97
24 103
24 113
24 125
24 126
24 141
24 146
24 154
24 168
24 174
24 179
24 182
24 187
24 192
24 196
24 203
24 206
24 213
24 233
25 64
25 65
25 66
25 67
25 68
25 86
25 92
25 98
25 99
25 105
25 115
25 116
25 117
25 127
25 128
25 136
25 155
25 160
25 164
25 175
25 183
25 207
25 210
25 221
26 72
26 73
26 74
26 75
26 76
26 88
26 89
26 93
26 107
26 119
26 120
26 130
26 131
26 137
26 149
26 171
26 190
26 191
26 199
26 209
26 211
26 216
26 223
26 227
26 235
27 238
27 366
27 474
27 243
27 438
27 476
27 458
27 463
28 304
28 334
28 366
28 397
28 436
28 474
28 273
28 241
28 408
28 445
28 276
28 315
28 378
28 412
28 487
28 353
28 453
28 494
28 291
28 355
28 264
28 423
28 323
28 462
28 296
28 390
28 469
28 363
28 330
28 505
29 511
29 512
29 513
30 239
30 514
30 255
30 258
30 515
30 516
31 239
31 304
31 333
31 365
31 397
31 435
31 273
31 307
31 338
31 369
31 402
31 477
31 246
31 375
31 409
31 450
31 256
31 350
31 287
31 459
31 293
31 321
31 430
31 461
31 468
31 299
31 503
31 270
32 239
32 304
32 332
32 333
32 366
32 397
32 435
32 474
32 273
32 305
32 398
32 437
32 476
32 274
32 309
32 343
32 405
32 443
32 481
32 275
32 377
32 411
32 282
32 493
32 455
32 288
32 354
32 420
32 266
32 268
32 500
32 362
32 504
32 472
33 517
33 518
33 519
33 520
33 521
33 522
34 523
35 333
35 524
35 525
35 349
35 526
35 527
36 365
36 367
36 374
36 380
36 393
36 395
37 528
37 529
37 530
38 528
38 399
38 531
38 532
38 424
38 533
39 435
39 534
39 439
39 449
39 535
39 536
39 466
40 537
40 490
41 537
41 538
41 539
42 540
42 541
42 280
42 542
42 543
42 544
43 545
43 546
44 443
44 479
44 480
44 481
44 275
44 347
44 377
44 411
44 282
44 493
44 455
44 354
44 420
44 467
44 302
44 471
44 329
44 396
45 520
45 521
45 547
46 480
46 481
46 347
46 282
46 455
46 420
46 467
46 302
47 371
47 482
47 252
47 283
47 316
47 456
47 421
47 431
48 548
48 549
48 550
48 551
48 552
49 240
49 371
49 407
49 482
49 252
49 314
49 486
49 283
49 316
49 352
49 456
49 290
49 417
49 421
49 431
49 389
50 240
50 371
50 406
50 407
50 482
50 252
50 314
50 486
50 283
50 316
50 352
50 456
50 290
50 422
50 268
50 431
50 389
51 240
51 406
51 407
51 314
51 486
51 352
51 290
51 389
52 241
52 408
52 315
52 487
52 353
52 453
52 291
52 264
52 423
52 323
52 296
52 390
52 469
53 16
53 311
53 344
53 373
53 447
53 484
53 278
53 348
53 379
53 413
53 284
53 257
53 317
53 415
53 495
53 457
53 261
53 418
53 320
53 385
53 324
53 501
53 507
53 303
54 553
54 554
54 555
54 556
55 242
55 243
55 305
55 398
55 438
55 476
55 274
55 488
55 458
55 320
55 385
55 463
56 305
56 335
56 367
56 398
56 437
56 475
56 274
56 405
56 443
56 478
56 275
56 377
56 411
56 493
56 384
56 454
56 288
56 260
56 354
56 419
56 266
56 386
56 268
56 387
56 504
56 472
57 517
57 520
57 521
58 349
58 527
59 367
59 374
59 395
60 528
60 399
60 531
60 533
61 449
61 535
61 536
62 540
62 541
62 544
63 255
63 515
63 516
64 399
64 439
64 345
64 374
64 449
64 279
64 280
64 255
64 349
64 380
64 489
64 490
64 383
64 258
64 424
64 428
64 360
64 271
65 439
65 345
65 279
65 280
65 380
65 489
65 490
65 383
65 258
65 424
66 440
66 346
66 281
66 381
66 491
66 259
66 425
67 557
67 558
68 306
68 336
68 368
68 440
68 244
68 346
68 281
68 381
68 491
68 286
68 259
68 416
68 425
68 267
68 357
69 306
69 368
69 400
69 440
69 244
69 346
69 281
69 381
69 491
69 285
69 286
69 259
69 425
70 306
70 368
70 244
70 285
70 286
71 307
71 338
71 369
71 477
71 246
71 409
71 287
71 459
71 321
71 468
71 299
71 270
72 307
72 337
72 338
72 369
72 401
72 402
72 441
72 477
72 245
72 246
72 375
72 409
72 450
72 256
72 350
72 287
72 416
72 459
72 292
72 293
72 267
72 466
72 393
72 395
73 402
73 247
73 312
73 375
73 410
73 450
73 485
73 256
73 350
73 416
73 460
73 292
73 293
73 321
73 267
73 461
73 297
73 466
73 468
73 299
73 358
73 391
73 503
73 270
73 393
73 473
73 272
73 331
73 364
73 434
74 339
74 404
74 248
74 249
74 312
74 376
74 410
74 451
74 485
74 351
74 452
74 496
74 262
74 263
74 419
74 460
74 294
74 295
74 322
74 461
74 387
74 497
74 297
74 388
74 358
74 391
74 503
75 404
75 442
75 249
75 351
75 382
75 414
75 452
75 492
75 384
75 454
75 496
75 260
75 262
75 263
75 295
75 265
75 322
75 386
75 388
75 328
75 506
75 17
76 559
76 523
76 560
76 561
77 340
77 370
77 403
77 404
77 442
77 250
77 312
77 376
77 451
77 485
77 351
77 382
77 414
77 452
77 492
77 318
77 384
77 454
77 496
77 289
77 260
77 263
77 460
77 422
77 295
77 265
77 322
77 426
77 497
77 297
77 388
77 358
77 300
77 328
77 471
77 329
77 396
78 341
78 442
78 478
78 251
78 313
78 376
78 410
78 451
78 382
78 414
78 492
78 262
78 419
78 422
78 265
78 386
78 427
78 387
78 432
78 497
78 467
78 391
78 300
78 328
78 302
78 471
78 329
78 394
78 396
78 18
79 559
79 523
80 308
80 309
80 342
80 343
80 372
80 408
80 445
80 276
80 315
80 378
80 412
80 487
80 353
80 453
80 494
80 291
80 355
80 417
80 264
80 421
80 266
80 432
80 390
80 500
80 300
80 504
80 330
80 472
81 309
81 343
81 444
81 445
81 276
81 378
81 412
81 494
81 355
81 417
81 323
81 462
81 296
81 325
81 432
81 298
81 469
81 500
81 326
81 359
81 470
81 502
81 269
81 362
81 363
81 330
81 505
81 473
81 272
81 331
81 364
81 434
82 311
82 344
82 447
82 278
82 379
82 413
82 257
82 495
82 261
82 418
82 324
82 462
82 325
82 356
82 433
82 464
82 498
82 298
82 501
82 326
82 359
82 392
82 470
82 502
82 269
82 362
82 363
82 505
82 303
83 310
83 311
83 344
83 373
83 446
83 447
83 484
83 277
83 278
83 253
83 348
83 379
83 284
83 257
83 317
83 415
83 495
83 457
83 319
83 418
83 426
83 429
83 356
83 464
83 498
83 298
83 465
83 499
83 326
83 359
83 392
83 470
83 502
83 269
83 361
83 301
84 373
84 448
84 483
84 484
84 254
84 348
84 413
84 488
84 284
84 317
84 415
84 457
84 261
84 320
84 385
84 324
84 428
84 325
84 356
84 464
84 498
84 465
84 499
84 501
84 392
84 327
84 360
84 301
84 271
84 303
85 562
85 563
85 564
86 562
86 357
87 336
87 357
88 565
88 566
88 567
88 563
88 568
89 569
89 527
89 570
90 571
90 572
90 570
91 573
91 574
91 575
92 576
92 577
92 575
92 578
93 579
93 530
93 580
93 581
94 579
94 530
94 582
95 529
95 530
95 394
96 583
96 584
96 585
96 586
97 587
97 584
97 585
97 588
97 589
97 590
97 586
98 591
98 592
99 593
99 594
99 595
100 593
100 596
100 597
100 598
100 595
101 599
101 600
101 601
101 602
102 599
102 603
102 600
102 604
102 605
103 606
103 607
103 608
103 429
103 609
104 610
104 607
104 609
105 611
105 612
106 613
106 614
106 615
107 613
107 616
107 617
107 615
108 618
108 619
109 618
109 620
109 619
110 621
110 622
111 623
111 624
111 625
111 626
111 627
112 623
112 624
112 625
112 628
112 629
113 618
113 620
113 619
113 630
114 631
114 632
114 633
115 458
115 634
116 635
116 632
116 633
117 636
117 633
118 636
118 633
119 463
119 465
120 637
120 638
120 639
120 640
120 641
120 642
120 643
121 640
121 643
122 644
122 640
122 643
123 645
123 646
123 641
123 642
124 647
124 648
124 644
124 649
125 640
126 647
126 648
126 650
126 651
127 540
127 541
127 499
128 541
128 652
128 653
128 654
129 655
129 656
129 546
129 657
129 652
129 654
130 545
130 658
131 659
131 545
132 659
132 545
132 294
133 660
133 661
133 662
134 660
134 663
134 662
134 664
135 665
135 666
135 667
135 668
135 669
135 670
136 671
136 666
136 672
136 667
136 668
136 673
137 519
137 674
137 675
137 547
138 519
138 674
138 676
138 677
139 518
139 519
139 678
140 679
140 680
140 681
140 556
141 679
141 682
141 683
141 684
141 685
141 686
142 687
142 688
142 685
142 689
143 690
143 691
143 692
143 693
143 694
143 686
143 695
144 313
144 318
145 313
145 318
146 696
146 697
147 525
148 572
148 698
148 567
148 699
149 572
149 565
149 567
149 563
149 568
150 700
151 700
152 700
153 700
154 701
154 702
155 703
155 704
156 703
156 705
157 706
157 707
157 708
157 709
157 581
158 710
158 707
158 709
158 711
159 592
159 712
159 713
159 597
159 714
159 588
160 592
160 713
160 714
160 715
161 591
161 592
161 532
162 716
162 717
163 716
163 718
163 717
164 719
164 720
164 721
164 433
164 722
165 723
165 720
165 721
165 724
166 725
166 726
166 727
166 728
166 729
167 725
167 726
167 727
167 730
168 731
168 732
168 543
168 733
168 734
168 735
168 736
169 737
169 542
169 543
169 733
169 735
170 738
170 739
170 740
170 741
170 742
171 658
171 544
172 738
172 743
172 744
172 745
172 746
173 747
173 748
173 749
174 750
174 748
174 749
174 751
175 752
175 753
175 754
175 755
176 752
176 756
176 757
176 754
177 521
177 758
177 513
178 759
178 758
178 513
179 512
179 513
179 522
180 523
181 760
181 697
182 760
182 761
183 762
183 763
184 764
184 765
184 763
185 766
185 767
185 768
185 769
186 766
186 770
187 771
187 772
187 361
188 771
188 772
189 773
189 774
190 775
190 776
190 774
191 712
191 777
191 588
191 778
192 779
192 780
192 781
192 782
192 783
192 784
192 785
193 786
193 622
193 787
193 788
194 789
194 622
194 787
194 788
195 621
195 622
196 790
196 791
196 792
196 618
196 793
196 794
197 790
197 791
197 795
198 796
198 797
198 798
198 799
199 796
199 800
199 798
199 801
199 506
200 802
200 803
200 804
200 805
200 806
201 807
201 803
201 808
201 805
201 806
202 809
202 810
202 732
202 811
202 812
203 680
203 554
203 555
203 556
203 813
204 531
204 814
204 815
204 778
205 816
205 817
205 818
206 816
206 819
206 818
207 820
207 539
207 821
207 634
208 822
208 539
208 821
209 538
209 539
210 823
210 811
210 824
210 812
211 825
211 743
211 744
211 826
211 827
211 746
211 828
212 289
212 829
212 830
212 831
213 832
213 833
213 827
213 834
213 835
214 836
214 833
214 834
215 837
215 838
215 839
215 840
216 837
216 838
216 841
216 842
216 840
217 554
217 555
217 556
218 843
218 844
218 845
219 843
219 844
219 845
220 612
220 608
220 846
220 847
220 784
221 612
221 608
221 780
221 846
221 848
221 849
222 611
222 612
223 850
223 851
223 852
223 853
223 854
223 619
224 850
224 855
224 853
225 549
225 856
225 813
225 550
225 857
225 552
226 567
226 858
226 563
227 859
227 860
227 861
228 862
228 781
228 863
228 783
228 784
229 829
229 830
229 864
229 865
230 866
230 861
230 815
231 867
231 590
232 867
233 868
234 869
235 761
236 561
237 870
238 511
238 553
238 871
238 872
239 511
240 548
240 682
240 550
240 551
240 694
241 548
242 873
242 553
243 514
243 554
243 874
243 856
243 683
243 875
243 876
243 813
243 877
243 878
244 671
244 666
244 879
244 675
244 880
245 301
245 515
246 671
246 674
246 879
246 675
247 881
247 516
248 882
248 881
249 672
250 882
250 881
250 547
251 882
251 547
251 678
252 687
252 680
252 681
252 678
252 677
253 873
253 553
253 683
253 875
253 813
254 873
255 750
255 753
255 883
255 754
256 752
256 756
256 757
256 857
256 884
257 759
257 692
257 676
258 836
258 839
258 834
259 836
259 839
259 840
260 837
261 874
262 756
262 884
263 549
263 757
263 857
263 678
264 682
264 684
264 551
264 694
264 686
265 838
265 841
265 842
265 885
266 683
267 672
268 841
269 694
270 880
271 755
272 886
273 887
274 888
275 660
275 661
275 889
276 665
276 883
276 663
276 662
276 890
277 755
278 665
278 883
278 663
278 891
278 668
278 670
279 742
280 737
280 733
280 741
280 507
281 737
281 740
281 741
281 742
282 747
282 743
282 745
283 747
283 748
283 745
283 892
284 750
284 753
284 749
284 516
285 542
286 823
286 826
286 893
286 894
286 812
287 823
287 542
287 826
287 894
287 746
287 828
288 289
289 825
290 832
290 830
290 891
290 831
291 832
291 833
291 831
291 669
292 543
293 656
293 657
293 652
293 865
294 656
295 829
295 657
295 893
295 892
295 865
296 891
296 670
297 864
297 894
298 667
298 669
299 893
300 827
300 828
301 895
302 892
303 890
304 896
305 897
306 557
306 558
307 557
308 898
309 559
310 899
311 562
311 900
311 901
311 870
312 902
313 902
313 903
314 696
314 904
314 905
314 900
314 906
315 696
315 907
315 908
316 760
316 697
317 762
317 909
317 910
318 560
319 911
320 526
321 558
322 903
323 912
323 900
324 912
325 907
326 908
327 901
328 761
329 561
330 870
331 913
332 524
332 914
332 383
332 915
333 896
334 896
335 524
335 565
335 915
335 568
336 569
337 527
338 569
338 769
338 910
339 566
339 858
340 565
341 566
341 916
341 568
342 915
343 571
344 571
344 574
345 525
345 526
345 327
346 525
346 526
346 327
347 914
347 916
348 917
348 701
348 578
348 702
349 762
349 763
350 764
350 566
350 767
350 918
351 764
351 767
352 766
352 770
353 771
353 770
354 843
354 844
354 858
355 574
355 845
356 704
357 564
357 910
358 769
359 575
360 361
361 919
362 578
363 920
364 913
365 334
366 921
367 524
368 576
368 577
368 922
368 580
369 579
369 577
369 923
369 580
370 924
371 583
371 584
371 925
371 582
372 926
373 587
373 927
373 594
373 533
373 715
373 586
374 917
374 701
374 704
375 703
375 705
376 706
377 706
377 775
377 708
377 709
378 710
378 707
378 928
378 711
379 710
379 712
379 713
379 597
379 711
380 929
380 772
381 773
381 774
382 775
382 708
383 698
384 776
385 532
385 585
386 925
387 705
388 867
388 590
388 930
389 868
390 868
391 923
392 928
393 930
394 930
395 702
396 581
397 921
398 534
399 587
399 594
399 928
399 595
400 531
400 533
401 931
402 593
402 596
402 602
402 932
403 603
404 599
404 596
404 601
404 602
404 427
405 603
406 427
406 430
407 606
407 603
407 600
407 605
408 606
408 607
408 933
408 605
409 934
409 532
409 860
409 861
410 934
411 934
411 777
411 717
412 716
412 718
412 847
413 935
414 779
414 777
414 778
415 779
415 780
415 781
415 782
415 722
415 785
416 601
416 714
417 604
418 604
418 718
418 846
418 847
419 936
419 937
420 936
420 866
420 863
420 815
420 937
421 936
422 862
423 430
424 814
424 869
425 814
425 869
426 938
427 932
428 429
428 433
429 933
430 598
431 866
431 863
431 783
431 937
432 939
433 939
434 913
435 921
436 887
437 534
438 888
439 610
439 614
439 609
440 610
440 614
440 615
441 536
441 630
442 613
442 617
442 940
442 626
442 794
443 623
443 617
443 940
443 626
444 620
445 631
445 624
445 941
445 628
446 634
447 631
447 632
447 942
447 943
447 628
448 943
448 634
449 719
449 720
449 722
449 785
450 723
450 786
450 721
450 724
451 723
452 786
452 787
452 944
452 724
452 620
453 789
453 791
453 792
453 945
454 616
455 616
455 817
455 855
455 853
456 816
456 817
456 855
457 820
457 819
457 818
457 639
457 629
458 820
458 819
458 821
458 941
459 850
459 946
459 851
459 848
460 946
460 788
461 940
462 625
462 629
463 639
464 941
465 852
465 947
466 944
466 948
467 944
468 849
469 942
470 945
471 627
472 794
473 886
474 887
475 438
476 888
477 635
477 638
477 641
477 642
477 729
478 506
479 643
480 644
481 645
481 646
481 649
482 647
482 646
482 644
482 649
483 742
484 655
484 949
484 648
484 650
485 725
485 729
486 731
486 726
486 730
487 731
487 732
487 730
487 735
488 507
489 943
490 790
490 797
490 795
491 796
491 797
491 795
491 943
492 802
492 798
492 801
492 950
492 736
493 802
493 803
493 804
493 801
494 807
494 810
494 808
494 805
495 807
495 810
495 951
496 822
496 727
496 728
497 804
498 808
499 653
500 952
501 824
502 953
503 950
504 950
504 736
505 806
506 799
507 651
511 954
512 759
512 955
513 692
513 956
514 957
515 958
516 751
517 514
518 681
518 677
519 687
519 959
520 758
520 842
520 884
521 882
521 885
522 676
523 760
523 697
524 897
525 960
525 961
525 962
526 963
527 909
528 534
529 583
529 776
529 925
529 582
530 577
531 927
532 859
533 589
534 897
535 964
536 782
536 965
537 887
538 822
538 728
539 819
539 941
540 650
540 654
541 655
541 949
542 966
543 967
544 744
544 864
545 655
546 968
547 895
547 515
548 969
549 970
549 875
549 673
550 684
550 686
551 971
552 972
553 680
554 973
554 974
554 975
555 856
556 876
556 751
556 976
557 977
557 978
557 979
557 560
557 905
557 906
557 901
557 980
558 904
558 981
558 982
559 562
559 901
560 961
561 983
562 977
563 984
563 870
564 985
565 698
566 765
567 844
567 919
568 699
569 573
570 910
571 573
572 960
573 977
574 986
574 963
574 987
575 922
576 573
576 768
577 574
578 988
579 989
579 990
580 988
581 699
582 580
583 989
583 705
583 589
584 927
584 991
584 859
584 930
585 992
586 993
587 989
588 939
589 990
590 994
591 860
591 715
592 934
592 995
592 711
593 996
593 997
594 991
594 998
595 993
596 991
596 999
597 1000
597 932
598 1001
599 996
600 1002
600 1003
600 948
600 999
601 1004
602 1000
602 993
603 1005
604 1006
605 1007
606 996
607 1005
607 1002
607 1008
607 944
607 948
608 1009
609 1007
609 1010
610 1011
611 946
611 851
611 848
611 849
612 850
613 1011
614 1005
614 1002
614 1008
615 1007
615 947
616 1012
617 1013
617 1008
618 852
619 965
620 948
621 789
621 792
621 942
621 945
622 946
622 1014
623 1011
623 1015
623 1016
624 1013
624 1017
625 1018
626 1019
627 854
628 626
629 1020
630 1021
631 637
631 1015
632 1013
632 1017
633 642
633 729
633 628
634 793
635 637
635 1015
636 635
636 638
637 1022
638 1023
638 1017
639 625
640 852
641 1019
642 942
643 947
644 1024
645 637
645 800
646 1025
646 1026
647 1027
647 949
648 744
648 654
649 1019
649 799
650 1024
650 1019
651 956
652 1024
652 958
653 734
654 1026
655 1027
655 806
656 949
657 1028
657 734
658 738
658 1029
658 740
658 889
659 1029
659 661
659 889
660 1030
660 809
660 739
660 1031
661 663
661 651
662 1032
662 1033
662 1034
663 1035
664 956
665 1030
665 959
666 1036
666 891
667 1037
668 1038
668 1033
668 1034
669 972
670 673
671 1030
671 959
671 669
672 1039
673 689
674 1036
674 975
675 676
675 1040
675 1034
675 976
676 1038
677 976
677 1041
678 751
679 687
680 959
681 837
681 1036
681 975
682 970
682 875
682 689
683 1042
684 1040
684 1043
685 551
686 1044
687 1030
688 1045
689 1046
690 1047
691 1031
692 1048
692 1049
692 958
693 1050
694 552
695 1051
696 978
696 560
696 982
697 980
698 961
699 1052
700 914
700 916
701 1053
701 909
702 699
703 706
703 1054
703 919
703 920
704 1055
705 1055
706 1053
707 1056
707 1004
707 1057
707 932
707 1058
708 1059
708 1060
709 922
710 1061
710 1009
710 1059
711 1060
711 581
712 1056
713 1004
713 1058
714 1009
715 994
716 935
716 1062
717 1063
717 854
717 1064
718 1057
719 935
720 1065
720 1066
721 933
721 1067
721 1068
722 783
723 935
723 939
724 1069
725 1070
726 732
726 1071
726 1072
726 1073
727 1074
727 966
728 1075
728 1076
729 945
730 967
730 1076
730 953
731 737
731 966
732 1023
733 1076
734 1077
734 689
735 1071
735 1072
735 1078
736 1079
737 1070
737 1074
738 1080
739 1074
740 1035
740 651
741 1032
741 1072
741 1078
742 1079
743 1081
743 1082
743 1083
744 1025
745 826
746 1084
747 1080
747 1085
747 746
748 1081
748 1082
748 1086
749 971
749 892
750 1080
750 1085
751 1084
752 1087
752 970
752 1031
752 1085
753 1088
753 1082
753 1086
754 971
754 664
755 835
756 1088
756 1086
757 856
757 1043
758 1088
758 1089
759 1087
759 691
759 885
760 979
761 988
762 1090
762 765
762 768
763 1091
763 918
764 1090
764 768
765 986
766 1090
767 1091
768 990
769 564
770 767
770 984
770 769
770 1092
771 1093
771 1094
772 1095
772 984
772 1092
773 929
773 698
774 1095
774 1059
774 1092
775 929
776 927
777 814
778 1063
778 1096
778 1064
779 712
780 1097
781 1066
781 1098
781 965
782 1077
783 815
784 1099
785 1067
785 1100
786 1065
786 1101
787 933
787 849
787 1102
787 1068
788 1099
789 1065
789 1101
790 1103
790 1101
791 800
791 1014
792 1104
792 1102
792 1068
793 1105
794 947
795 1104
795 1102
795 799
796 1103
796 1106
796 1079
797 800
797 1069
798 1104
798 1107
798 1108
799 1109
800 1009
801 1069
802 1103
802 1106
803 1110
803 1111
803 1108
804 1016
805 801
806 1112
807 809
807 1106
808 1016
809 1113
810 1110
810 1028
810 1083
811 951
811 953
812 1084
812 835
813 1037
814 992
815 1114
816 1012
816 1115
816 1116
816 1117
817 1006
817 1057
818 1075
818 1118
819 817
820 1012
820 1115
820 1116
820 1119
821 1075
821 1118
821 950
822 1120
822 1071
822 1116
822 1073
823 825
823 1081
823 895
823 1083
824 952
825 973
826 951
827 895
828 835
829 967
829 1121
830 1122
830 734
830 893
830 972
831 1037
831 1123
832 825
832 1042
833 1122
833 1048
834 1123
835 1043
836 973
836 838
837 973
838 1042
839 1122
839 1048
840 885
841 1111
842 1048
843 765
844 963
844 962
845 918
846 1062
847 1124
847 854
847 1064
848 1098
848 788
848 1117
849 1124
850 1006
850 718
851 1097
851 1062
852 782
853 1115
853 1117
854 1020
855 1097
855 1118
856 1082
857 971
858 918
859 1125
860 1058
861 995
861 994
861 1010
861 1100
862 859
863 995
863 1067
863 1010
863 1100
864 808
865 1123
866 1066
866 1098
866 965
867 1054
867 920
867 1126
868 1054
868 1096
868 1126
869 1063
869 1096
869 1126
870 561
871 1127
872 1128
873 684
874 955
874 956
875 1025
876 841
876 1041
877 1129
878 1130
879 1037
880 673
881 879
881 552
882 1087
882 691
883 739
883 1031
884 664
885 1026
886 1131
887 954
888 897
889 1032
889 1033
889 1078
890 664
891 1121
892 958
893 952
894 953
895 1049
896 954
897 514
900 981
901 1132
901 1133
901 1052
902 978
902 905
902 906
903 904
903 900
903 982
904 1091
905 1055
906 985
907 905
908 906
909 1054
910 761
912 904
913 886
914 960
914 702
915 919
916 909
917 920
918 1055
919 1132
919 1126
920 980
921 954
922 564
923 922
925 1095
927 961
928 997
929 1093
930 1094
932 1134
932 1135
933 1104
934 1061
935 1061
936 714
937 997
939 1136
940 1018
941 1016
942 1124
943 1108
944 1003
945 1099
946 608
947 1112
948 1108
949 1137
950 1020
951 1114
952 1138
953 972
954 1139
955 1140
955 1089
956 1052
958 1141
959 1113
960 1053
961 1142
962 987
962 980
963 1125
965 793
966 1143
967 1042
970 1074
971 951
972 985
973 1142
974 1144
975 1121
976 1145
977 1146
978 1053
979 1093
979 986
979 963
979 990
979 1138
979 1094
980 1046
981 1147
982 987
983 1148
984 981
985 1149
986 1140
987 871
987 1150
988 1141
989 977
990 1114
991 1151
991 1003
991 1150
992 974
993 988
994 1132
995 1077
996 1022
997 1099
998 695
999 998
1000 1057
1002 1151
1003 871
1004 1006
1005 1120
1006 688
1007 1141
1008 1152
1008 998
1009 1137
1010 1112
1011 1022
1012 1120
1013 1151
1014 1069
1015 1061
1016 1136
1017 1152
1017 998
1018 1153
1019 1141
1020 1046
1022 1146
1023 1140
1024 1121
1025 1134
1026 695
1027 1146
1028 1111
1029 809
1029 739
1030 1027
1030 1112
1031 1137
1032 1038
1033 1040
1033 1145
1034 1044
1034 1041
1035 974
1036 1035
1037 1136
1038 693
1040 871
1041 1133
1042 1125
1043 872
1044 1105
1046 1154
1048 1077
1048 952
1049 1155
1052 1156
1053 690
1053 1137
1054 1138
1055 1136
1056 1113
1057 1143
1058 1153
1058 1157
1058 1158
1058 1105
1059 984
1060 983
1061 690
1062 992
1063 1124
1064 1119
1065 1056
1066 1018
1066 1158
1067 1107
1068 1109
1069 1114
1070 690
1071 1038
1072 1040
1073 793
1073 1119
1074 688
1075 1097
1076 1035
1077 981
1078 1044
1078 1041
1079 1145
1080 1070
1081 1023
1082 1143
1083 1089
1084 877
1085 1025
1086 1089
1087 1070
1088 1023
1089 1150
1090 1093
1090 1094
1091 974
1092 1060
1093 1113
1093 688
1093 1143
1093 1134
1093 1135
1093 1153
1093 693
1093 877
1093 1105
1093 878
1093 872
1094 695
1095 1091
1096 1020
1097 1125
1098 1157
1099 985
1100 1109
1101 1158
1102 1107
1103 1056
1104 1135
1105 1159
1106 1084
1106 1043
1107 1049
1108 1150
1109 1052
1110 1120
1110 1107
1111 1135
1112 983
1113 1160
1114 1161
1115 1157
1116 1003
1117 1119
1118 992
1119 1133
1120 1142
1121 1153
1122 1111
1123 1026
1124 1138
1125 1162
1126 1133
1132 1049
1133 1163
1134 1164
1135 1165
1136 1166
1137 1167
1138 1168
1140 1169
1141 1170
1142 1171
1143 1172
1145 878
1146 1173
1150 1174
1151 1140
1152 1134
1153 1175
1157 693
1158 877
1158 878
1158 872

0
1
2
3
4
5
6
7
1139
969
508
957
898
899
924
926
931
1173
1047
1160
1171
911
1169
964
1045
1172
1167
1162
1144
938
1164
1039
968
1165
1001
1175
1166
1147
1050
1127
1161
1168
1149
1155
1174
1170
1129
1154
1159
1021
1148
1130
1051
1163
1128
1131
1156
509
510
