1018 3379

0 45
0 46
0 47
0 48
0 49
0 50
0 51
0 52
0 53
0 54
0 55
0 56
0 57
0 58
0 59
0 60
0 61
0 62
0 63
0 64
0 65
0 66
0 67
0 68
0 69
0 70
0 71
0 72
0 73
0 74
0 75
0 76
0 77
0 78
0 79
0 80
0 81
0 82
0 83
0 84
0 85
0 86
0 87
0 88
0 89
0 90
0 91
0 92
0 93
0 94
0 95
0 96
0 97
0 98
0 99
0 100
0 101
0 102
0 103
0 104
0 105
0 106
0 107
0 108
0 109
0 110
0 111
0 112
0 113
0 114
0 115
0 116
0 117
0 118
0 119
0 120
0 121
0 122
0 123
0 124
0 125
0 126
0 127
0 128
0 129
0 130
0 131
0 132
0 133
0 134
0 135
0 136
0 137
0 138
0 139
0 140
0 141
0 142
0 143
0 144
0 145
0 146
0 147
0 148
0 149
0 150
0 151
0 152
0 153
0 154
0 155
0 156
0 157
0 158
0 159
0 160
0 161
1 45
1 46
1 47
1 48
1 49
1 50
1 162
1 163
1 164
1 54
1 165
1 166
1 57
1 58
1 59
1 167
1 61
1 168
1 63
1 169
1 65
1 170
1 68
1 69
1 70
1 171
1 72
1 172
1 74
1 173
1 76
1 77
1 78
1 174
1 175
1 176
1 82
1 177
1 84
1 178
1 86
1 87
1 88
1 179
1 180
1 181
1 92
1 182
1 94
1 96
1 183
1 98
1 184
1 100
1 101
1 102
1 185
1 186
1 187
1 105
1 106
1 107
1 109
1 110
1 188
1 112
1 113
1 189
1 115
1 190
1 120
1 191
1 192
1 193
1 194
1 195
1 196
1 197
1 133
1 134
1 135
1 136
1 137
1 138
1 139
1 198
1 142
1 199
1 200
1 149
1 150
1 151
1 153
1 155
1 156
1 201
1 202
1 161
2 45
2 203
2 47
2 48
2 204
2 50
2 205
2 206
2 207
2 208
2 209
2 210
2 156
2 211
2 212
2 213
2 214
2 161
3 45
3 203
3 47
3 48
3 204
3 50
3 215
3 63
3 68
3 72
3 74
3 82
3 216
3 217
3 218
3 219
3 112
3 220
3 118
4 221
4 222
4 223
4 224
4 225
4 226
4 227
4 228
4 229
4 215
4 230
4 231
4 232
4 233
4 234
4 60
4 235
4 236
4 237
4 238
4 239
4 240
4 66
4 67
4 241
4 242
4 243
4 244
4 245
4 246
4 247
4 248
4 249
4 250
4 251
4 252
4 253
4 254
4 255
4 256
4 257
4 258
4 259
4 260
4 261
4 205
4 262
4 263
4 264
4 80
4 81
4 265
4 266
4 267
4 268
4 269
4 270
4 271
4 272
4 273
4 274
4 216
4 206
4 275
4 276
4 277
4 91
4 278
4 279
4 280
4 95
4 281
4 282
4 283
4 284
4 285
4 286
4 287
4 288
4 289
4 218
4 290
4 291
4 292
4 103
4 293
4 294
4 295
4 296
4 297
4 298
4 299
4 300
4 108
4 301
4 302
4 303
4 304
4 305
4 306
4 307
4 308
4 114
4 309
4 310
4 220
4 311
4 312
4 313
4 314
4 315
4 316
4 317
4 318
4 319
4 320
4 321
4 119
4 322
4 323
4 324
4 325
4 326
4 327
4 328
4 329
4 330
4 123
4 331
4 332
4 333
4 334
4 335
4 336
4 337
4 338
4 131
4 339
4 340
4 132
4 341
4 342
4 343
4 344
4 345
4 346
4 347
4 348
4 349
4 350
4 351
4 352
4 140
4 141
4 207
4 143
4 353
4 144
4 145
4 354
4 355
4 356
4 357
4 358
4 359
4 360
4 361
4 362
4 363
4 364
4 209
4 365
4 152
4 366
4 154
4 367
4 210
4 368
4 369
4 370
4 371
4 211
4 157
4 212
4 372
4 158
4 159
4 373
4 374
4 375
4 214
4 160
4 376
4 377
5 221
5 378
5 223
5 224
5 379
5 226
5 380
5 77
5 381
5 206
5 382
5 383
5 329
5 123
5 196
5 207
5 208
5 209
5 210
5 384
5 385
5 211
5 212
5 202
5 386
6 221
6 222
6 223
6 224
6 225
6 226
6 232
6 235
6 238
6 240
6 241
6 244
6 251
6 254
6 261
6 262
6 387
6 267
6 269
6 276
6 280
6 282
6 284
6 217
6 287
6 288
6 289
6 219
6 300
6 303
6 304
6 388
6 307
6 316
6 389
6 390
6 116
6 117
6 118
6 119
6 323
6 324
6 325
6 391
6 392
6 393
6 329
6 122
6 124
6 394
6 125
6 126
6 395
6 128
6 396
6 335
6 130
6 213
7 397
7 378
7 398
7 399
7 379
7 400
7 227
7 52
7 229
7 215
7 55
7 231
7 232
7 401
7 402
7 403
7 404
7 236
7 405
7 406
7 239
7 407
7 66
7 408
7 409
7 242
7 243
7 410
7 411
7 412
7 247
7 413
7 414
7 415
7 416
7 252
7 417
7 418
7 255
7 419
7 257
7 258
7 420
7 260
7 421
7 422
7 262
7 174
7 264
7 80
7 81
7 387
7 83
7 423
7 85
7 269
7 270
7 424
7 272
7 273
7 274
7 216
7 425
7 275
7 426
7 277
7 91
7 278
7 279
7 427
7 428
7 281
7 429
7 430
7 283
7 431
7 217
7 286
7 432
7 288
7 289
7 218
7 290
7 219
7 292
7 433
7 293
7 187
7 434
7 296
7 297
7 299
7 300
7 108
7 302
7 303
7 435
7 436
7 111
7 388
7 307
7 437
7 438
7 310
7 220
7 311
7 315
7 317
7 318
7 439
7 390
7 320
7 321
7 190
7 440
7 441
7 442
7 443
7 326
7 328
7 393
7 191
7 122
7 192
7 332
7 193
7 333
7 334
7 336
7 444
7 445
7 338
7 446
7 131
7 339
7 340
7 447
7 448
7 342
7 449
7 450
7 451
7 346
7 452
7 453
7 349
7 350
7 351
7 352
7 454
7 455
7 354
7 355
7 356
7 357
7 358
7 359
7 361
7 362
7 363
7 456
7 457
7 458
7 152
7 366
7 367
7 459
7 460
7 370
7 385
7 372
7 158
7 461
7 213
7 462
7 386
7 463
8 397
8 378
8 398
8 399
8 379
8 400
8 162
8 52
8 164
8 54
8 165
8 166
8 57
8 58
8 59
8 167
8 61
8 168
8 63
8 169
8 65
8 170
8 68
8 69
8 410
8 171
8 72
8 172
8 74
8 75
8 421
8 82
8 177
8 84
8 178
8 86
8 87
8 88
8 179
8 180
8 181
8 92
8 182
8 427
8 96
8 183
8 98
8 184
8 100
8 464
8 102
8 185
8 186
8 187
8 434
8 106
8 465
8 109
8 110
8 188
8 112
8 113
8 189
8 115
8 120
8 191
8 192
8 193
8 466
8 127
8 467
8 129
8 468
8 196
8 197
8 133
8 134
8 135
8 136
8 137
8 138
8 139
8 140
8 198
8 142
8 143
8 200
8 149
8 456
8 151
8 153
8 155
8 156
8 201
8 159
8 202
8 161
9 397
9 46
9 398
9 399
9 49
9 400
9 162
9 163
9 164
9 54
9 165
9 166
9 57
9 401
9 59
9 167
9 404
9 168
9 406
9 169
9 407
9 170
9 409
9 69
9 410
9 171
9 416
9 172
9 418
9 173
9 421
9 77
9 78
9 174
9 175
9 176
9 265
9 177
9 84
9 178
9 86
9 87
9 88
9 179
9 469
9 180
9 181
9 470
9 182
9 427
9 96
9 183
9 431
9 285
9 432
9 471
9 102
9 291
9 186
9 187
9 434
9 472
9 473
9 109
9 435
9 188
9 306
9 474
9 189
9 190
9 120
9 191
9 192
9 193
9 194
9 195
9 196
9 197
9 448
9 449
9 475
9 450
9 451
9 476
9 477
9 478
9 139
9 479
9 480
9 198
9 142
9 199
9 200
9 481
9 456
9 151
9 482
9 459
9 155
9 385
9 201
9 483
9 484
9 375
9 386
9 463
10 203
10 204
10 99
10 101
10 107
10 319
10 130
10 133
10 138
11 203
11 204
11 61
11 275
11 94
11 98
11 99
11 101
11 107
11 316
11 389
11 319
11 396
11 336
11 342
11 343
11 346
11 149
11 460
11 370
11 371
11 376
12 222
12 225
12 227
12 163
12 229
12 380
12 165
12 166
12 485
12 486
12 233
12 234
12 403
12 235
12 168
12 237
12 238
12 239
12 240
12 170
12 67
12 241
12 487
12 488
12 244
12 245
12 246
12 171
12 248
12 249
12 250
12 251
12 252
12 253
12 254
12 489
12 256
12 257
12 258
12 259
12 260
12 261
12 205
12 78
12 174
12 490
12 175
12 176
12 491
12 492
12 273
12 493
12 381
12 494
12 495
12 470
12 280
12 95
12 281
12 282
12 430
12 496
12 284
12 285
12 286
12 287
12 464
12 497
12 382
12 498
12 291
12 292
12 103
12 499
12 295
12 297
12 298
12 472
12 465
12 500
12 501
12 304
12 114
12 310
12 383
12 502
12 503
12 439
12 390
12 190
12 323
12 504
12 194
12 195
12 335
12 338
12 505
12 132
12 341
12 506
12 343
12 475
12 344
12 345
12 476
12 477
12 347
12 348
12 507
12 479
12 480
12 352
12 454
12 455
12 358
12 508
12 360
12 481
12 364
12 458
12 482
12 368
12 369
12 384
12 371
12 483
12 484
12 373
12 375
12 214
12 376
12 377
13 162
13 164
13 486
13 401
13 234
13 237
13 169
13 242
13 245
13 246
13 248
13 250
13 172
13 253
13 489
13 256
13 259
13 490
13 492
13 276
13 182
13 431
13 464
13 498
13 293
13 465
13 436
13 189
13 503
13 440
13 445
13 448
13 506
13 449
13 450
13 451
13 200
13 459
13 369
13 201
13 373
13 463
14 485
14 406
14 409
14 488
14 249
14 416
14 418
14 173
14 175
14 265
14 177
14 491
14 496
14 184
14 432
14 185
14 298
14 500
14 501
14 435
14 188
14 306
14 502
14 320
14 509
14 331
14 510
14 126
14 128
14 505
14 197
14 199
15 58
15 70
15 255
15 76
15 271
15 92
15 94
15 105
15 299
15 113
15 389
15 391
15 392
15 511
15 363
15 150
15 365
15 366
16 233
16 70
16 76
16 278
16 295
16 391
16 392
16 341
16 364
17 512
17 513
17 514
17 515
17 412
17 413
17 516
18 513
18 514
18 517
18 518
18 415
18 519
18 419
18 520
18 521
19 513
19 514
19 515
19 520
20 402
20 405
20 517
20 411
20 417
20 420
20 264
20 290
20 461
21 402
21 405
21 515
21 420
21 520
22 167
22 404
22 407
22 271
22 179
22 493
22 495
22 474
22 125
22 395
22 396
22 452
22 478
22 507
22 479
22 480
22 352
23 65
23 274
23 395
24 517
24 411
24 417
24 461
25 243
25 414
25 100
25 302
25 110
25 116
25 124
25 340
26 518
26 519
26 521
27 518
27 519
27 521
28 412
28 415
28 419
28 522
28 523
28 356
28 146
28 524
28 525
28 526
28 527
29 413
29 516
29 522
29 523
29 524
29 525
29 526
29 527
30 176
30 423
30 178
30 183
30 324
30 325
31 270
31 317
31 322
31 327
31 528
31 337
32 494
32 469
32 180
32 181
32 497
32 186
32 117
32 327
32 528
32 446
32 452
32 198
33 105
33 106
33 150
33 153
34 134
34 135
34 136
34 137
35 475
35 345
35 484
35 377
36 344
36 476
36 368
36 483
37 347
37 478
37 349
37 479
37 480
37 529
38 478
38 350
38 351
39 348
40 522
40 355
40 146
40 524
40 361
40 367
40 372
41 523
41 147
41 148
41 530
41 531
42 147
42 525
42 526
42 527
43 148
43 530
43 531
44 530
44 531
45 221
46 532
46 533
46 534
46 535
46 536
47 223
48 224
49 537
49 538
49 539
49 540
49 541
49 542
50 226
51 227
51 286
51 319
52 228
52 301
53 229
53 297
54 215
54 216
54 218
54 220
54 370
55 230
55 374
56 231
56 296
56 389
57 232
57 255
57 342
58 233
58 341
59 512
59 513
59 514
59 515
59 412
59 413
59 516
60 403
60 430
61 235
62 236
62 315
62 392
63 238
64 239
64 360
65 240
66 543
66 544
66 545
66 546
66 547
66 548
66 549
66 550
66 551
66 552
66 553
67 408
67 437
68 241
69 243
69 414
69 302
69 340
70 244
71 247
71 311
71 391
72 251
73 252
73 258
73 281
73 292
73 316
73 335
74 254
75 257
75 260
75 273
75 338
76 261
77 205
77 214
78 262
79 263
79 309
80 554
80 555
80 556
80 557
80 558
80 559
81 554
81 555
81 560
81 557
81 559
82 387
83 266
83 313
83 314
84 267
84 325
84 208
85 268
85 308
85 314
86 269
86 206
86 276
86 209
87 270
87 317
87 327
88 271
88 274
88 275
89 272
89 358
90 277
90 522
90 523
90 356
90 530
90 531
91 561
91 562
91 547
91 563
91 564
91 565
91 566
92 278
93 279
93 393
93 339
94 280
95 428
96 282
96 323
97 283
97 362
98 284
99 217
99 219
99 213
100 287
101 288
102 289
102 347
103 433
104 294
104 353
105 295
106 299
107 300
108 567
108 568
108 569
108 570
108 571
108 572
108 573
108 574
108 575
109 303
109 324
110 304
111 305
111 312
111 314
112 388
113 307
114 438
115 310
116 320
117 321
118 509
119 440
120 322
120 528
120 337
121 329
121 331
122 330
123 394
124 510
125 511
126 333
127 395
128 334
129 396
130 336
131 576
131 577
131 578
131 579
131 548
131 580
131 581
131 582
131 583
131 584
132 447
133 343
134 475
134 484
135 344
135 368
136 345
136 377
137 476
137 483
138 346
139 349
139 211
139 212
140 454
141 455
142 207
142 210
143 585
143 534
143 586
143 587
143 588
143 589
143 590
144 591
144 592
144 593
144 594
144 595
144 596
144 597
145 568
145 598
145 599
145 600
145 601
145 602
146 357
147 524
148 525
149 363
150 364
151 365
152 603
152 602
152 604
153 366
154 605
154 606
154 607
154 608
155 460
156 371
157 609
157 610
157 611
158 612
158 613
158 614
158 615
158 607
158 616
158 617
158 618
159 619
160 620
160 616
160 621
161 376
162 51
162 160
163 52
163 468
164 53
164 122
165 55
166 56
167 60
167 67
167 95
168 62
168 118
169 64
170 66
170 116
170 117
170 124
171 71
172 73
173 75
173 140
174 79
175 80
176 81
177 83
178 85
179 89
180 90
180 146
180 147
180 148
181 91
182 93
182 108
183 97
184 622
184 540
184 623
184 624
185 625
185 539
185 626
185 627
185 542
186 103
186 145
187 104
188 111
189 114
189 154
190 119
191 121
192 123
193 125
194 466
194 129
195 127
195 467
196 131
197 132
197 152
198 141
199 143
199 159
200 144
200 158
201 157
202 628
202 629
202 630
202 621
203 222
204 225
205 422
206 425
207 585
207 631
207 632
207 571
207 633
207 634
208 635
208 636
208 630
208 637
209 457
210 638
210 639
210 616
210 640
211 641
211 642
211 643
211 610
211 644
212 645
212 646
212 575
212 634
213 375
214 462
215 380
215 485
216 381
216 496
217 285
218 382
218 500
219 291
220 383
220 502
221 397
222 378
223 398
224 399
225 379
226 400
227 647
227 648
227 649
227 650
227 651
227 652
227 653
228 647
228 654
228 655
228 656
228 657
228 658
229 659
229 660
229 638
229 632
229 661
229 607
230 659
230 662
230 663
230 664
230 565
231 665
231 660
231 666
231 667
231 668
231 664
231 593
231 669
231 670
231 671
232 486
233 401
234 672
234 666
234 673
234 674
234 675
234 676
235 404
236 677
236 678
236 679
237 677
237 680
237 681
237 682
237 683
237 684
237 639
238 406
239 685
239 686
239 687
239 688
239 581
239 689
239 653
240 407
241 409
242 487
242 508
243 488
244 410
245 690
245 691
245 692
245 693
245 656
245 694
245 695
246 690
246 696
247 690
247 697
247 620
248 698
248 688
248 699
248 582
248 700
249 698
249 648
249 687
249 508
249 668
249 683
249 588
249 701
249 563
249 702
250 703
250 576
250 704
250 612
250 699
250 705
250 706
251 416
252 703
252 707
252 598
253 708
253 709
253 710
253 711
253 712
253 713
253 636
254 418
255 489
256 714
256 715
257 714
257 654
257 716
257 674
257 717
257 718
257 719
257 720
257 721
257 702
258 714
258 722
258 723
258 645
258 724
258 549
258 657
258 725
258 552
258 671
259 726
259 727
259 728
259 683
259 729
259 702
260 726
260 730
260 731
260 732
260 733
260 586
260 581
260 734
260 594
260 615
260 735
261 421
262 736
262 737
262 738
262 739
262 740
263 736
263 625
263 741
263 742
263 743
263 744
263 745
263 746
263 747
263 599
263 748
263 749
263 633
264 490
265 750
265 751
265 752
266 750
266 753
266 754
266 755
266 756
266 757
266 758
266 759
266 760
266 761
266 636
267 423
267 436
268 750
268 762
268 753
268 754
268 755
268 745
268 758
268 763
268 764
269 491
270 492
270 494
271 424
272 765
272 766
272 544
272 723
272 767
272 768
272 769
272 770
272 771
272 772
272 773
272 774
273 765
273 568
273 775
273 549
273 652
273 776
273 713
273 658
273 777
274 493
275 495
276 426
277 533
277 569
277 778
277 734
277 695
277 610
278 470
279 779
279 681
279 780
279 705
279 572
279 670
279 601
279 602
280 427
281 781
281 692
281 782
281 772
281 783
281 643
281 566
281 784
282 429
283 785
283 715
283 786
283 613
283 599
283 787
283 639
283 597
284 431
285 184
286 622
286 788
286 789
286 743
286 790
286 791
286 792
286 793
286 582
286 748
286 794
286 700
287 432
288 464
289 497
290 498
291 185
292 795
292 796
292 797
292 547
292 656
292 798
292 587
292 719
292 799
292 800
293 499
294 538
294 801
294 802
294 577
294 803
294 540
294 804
294 719
294 572
294 805
294 553
295 434
296 806
296 807
296 808
296 809
296 783
296 574
296 597
296 784
297 806
297 709
297 789
297 743
297 803
297 620
297 717
297 786
297 810
297 811
297 812
297 633
298 813
298 814
298 815
298 804
298 810
298 776
298 600
298 658
298 566
299 472
300 465
301 816
301 801
301 789
301 817
301 731
301 738
301 818
301 819
301 606
301 748
301 794
302 501
303 820
303 821
303 623
303 740
304 435
305 822
305 727
305 767
305 823
305 824
305 825
305 758
305 826
305 720
305 773
305 636
306 822
306 827
306 556
306 752
307 474
308 828
308 738
308 746
308 829
308 596
308 637
309 830
309 831
309 650
309 651
309 550
309 629
309 832
310 830
310 791
310 650
310 833
310 584
310 834
311 709
311 576
311 577
311 821
311 835
311 770
311 836
311 725
311 837
312 682
312 757
312 759
312 695
312 838
313 762
313 727
313 791
313 839
313 764
313 838
314 660
315 840
315 841
315 767
315 612
315 548
315 798
315 588
315 551
315 812
316 439
317 503
318 439
319 390
320 842
321 842
322 440
323 441
324 442
325 443
325 326
326 843
327 504
328 843
329 330
330 844
331 394
332 394
333 511
334 444
335 444
336 444
337 445
337 446
338 680
338 577
338 692
338 845
338 818
338 786
338 581
338 661
338 846
338 706
339 545
339 847
339 704
339 848
339 548
339 711
339 839
339 593
339 694
339 849
340 505
341 448
342 506
343 449
344 450
345 451
346 477
347 452
348 453
349 507
350 823
350 815
351 850
351 758
351 759
351 760
351 763
351 777
352 529
353 807
353 851
353 769
353 734
353 852
353 853
354 688
354 725
354 653
354 611
355 635
355 664
355 573
355 854
355 604
356 682
356 819
356 640
357 579
357 664
357 855
357 852
357 856
358 857
358 549
358 771
358 846
358 572
358 837
358 643
359 508
359 747
359 720
359 595
359 854
359 838
360 858
360 580
360 550
360 859
360 860
360 590
361 858
361 833
361 783
361 860
361 861
362 631
362 799
362 713
362 676
362 861
363 481
364 456
365 458
366 482
367 710
367 621
368 459
369 862
369 863
369 832
370 384
371 385
372 864
372 747
372 833
372 805
372 695
372 644
373 619
373 717
373 652
373 860
373 853
374 628
374 588
374 812
374 865
374 608
375 202
376 386
377 463
378 46
379 49
380 659
380 730
380 866
380 667
380 867
380 550
380 553
381 737
381 840
381 841
381 817
381 744
381 605
381 769
381 770
381 712
381 551
381 564
381 852
382 868
382 841
382 546
382 790
382 850
382 858
382 835
382 718
382 651
382 599
382 760
382 658
383 741
383 628
383 724
383 652
383 589
383 611
384 869
384 870
384 856
385 782
385 870
385 590
386 626
386 871
386 630
386 853
387 265
388 306
389 318
390 842
391 326
392 328
393 330
394 844
395 333
396 334
397 532
397 822
397 710
397 872
397 873
398 532
398 874
398 875
398 857
398 876
398 877
399 537
399 874
399 878
399 803
399 879
399 876
399 880
400 537
400 881
400 827
400 775
400 882
400 873
401 672
401 806
401 704
401 869
401 699
401 836
401 799
401 855
401 565
402 234
403 672
403 788
403 691
403 707
403 696
403 724
403 570
403 729
403 669
403 774
404 677
404 857
404 627
404 883
405 237
406 685
406 884
406 775
406 885
406 880
407 685
407 874
407 878
407 886
407 733
407 887
407 888
408 543
408 533
408 824
409 543
409 781
409 889
409 579
409 887
409 542
410 890
410 622
410 891
410 728
410 778
410 892
410 584
410 893
410 872
410 880
411 245
412 246
413 248
414 249
414 298
415 250
416 703
416 894
416 878
416 848
416 885
416 883
417 253
418 708
418 884
418 895
418 885
418 877
419 256
420 259
421 726
421 820
421 539
421 715
421 896
421 684
421 800
421 897
421 898
421 877
422 736
422 755
422 831
422 899
422 558
423 750
423 649
423 739
423 740
424 765
424 840
424 697
424 797
424 556
424 835
424 900
424 776
424 809
424 552
424 639
425 901
425 797
425 733
425 694
425 855
425 564
425 774
425 777
426 533
426 889
426 902
426 845
426 888
426 624
427 779
427 889
427 662
427 903
427 623
427 542
428 779
428 562
428 768
428 705
428 600
428 642
428 700
428 610
428 784
429 781
429 782
429 747
429 811
429 794
429 852
429 739
429 740
430 781
430 904
430 905
430 833
430 906
430 849
431 884
431 678
431 645
431 898
431 624
432 894
432 886
432 907
432 876
433 795
433 807
433 908
433 859
433 642
433 653
433 597
433 784
434 806
434 908
435 820
435 790
435 908
435 541
435 909
436 881
436 878
436 696
436 872
436 883
437 910
437 796
437 814
437 845
437 668
437 911
437 587
437 771
437 689
437 676
438 828
438 649
438 746
438 712
438 565
438 834
439 842
440 912
441 912
441 557
442 912
442 899
442 913
442 559
443 899
443 913
444 511
445 680
445 914
445 591
445 728
445 586
445 580
445 915
445 583
445 721
445 865
446 916
446 914
446 732
446 560
446 632
446 711
446 587
446 689
446 669
446 670
446 774
447 802
447 847
447 917
447 674
447 911
447 900
447 606
447 906
447 706
448 817
448 609
448 786
448 684
448 865
448 918
449 555
449 663
450 904
450 862
451 866
451 751
452 875
452 598
453 823
453 815
454 681
454 641
454 701
454 837
454 596
454 777
455 687
455 869
455 606
455 729
455 615
455 787
455 601
455 602
456 907
456 911
456 846
456 871
456 919
457 895
457 646
457 566
458 534
458 570
458 870
458 892
458 800
458 893
459 679
459 634
460 369
461 373
462 751
462 865
462 630
462 637
463 756
463 832
464 471
465 473
466 126
467 128
468 130
469 115
470 561
470 831
471 868
471 827
471 655
471 535
471 536
472 813
472 903
473 567
473 827
473 626
473 535
473 536
474 891
474 766
474 902
474 905
474 896
474 684
474 646
474 893
474 627
474 909
475 744
475 920
476 697
476 862
477 902
477 679
478 348
479 350
480 351
481 631
481 798
481 870
481 614
481 871
481 919
482 603
482 718
482 614
482 671
482 919
483 808
483 617
484 851
484 861
485 665
485 648
485 691
485 851
485 792
485 915
485 593
485 574
486 665
486 625
486 889
486 904
486 560
486 887
486 888
486 883
487 890
487 875
487 839
487 719
487 854
488 890
488 722
488 686
488 603
488 835
488 570
488 571
488 809
488 805
488 735
489 708
489 622
489 917
489 592
489 900
489 734
489 906
489 859
489 574
490 554
490 545
490 569
490 701
490 735
491 921
491 678
491 780
491 541
491 624
492 921
492 828
492 753
492 754
492 673
492 920
492 793
492 829
492 763
492 764
493 874
493 766
493 914
493 895
493 804
493 694
493 646
493 918
494 901
494 828
494 742
494 754
494 850
494 756
494 793
494 651
494 771
494 749
494 596
495 901
495 910
495 879
495 798
495 863
495 675
495 601
495 918
496 785
496 741
496 723
496 817
496 731
496 808
496 792
496 580
496 760
496 811
496 761
496 800
497 868
497 891
497 922
497 903
497 898
497 877
498 625
498 716
498 662
498 578
498 635
498 776
498 553
499 538
499 916
499 879
499 825
499 594
499 849
500 567
500 730
500 686
500 847
500 707
500 920
500 656
500 911
500 892
500 563
500 761
500 671
501 816
501 562
501 848
501 583
501 772
501 573
501 584
501 575
502 654
502 796
502 667
502 818
502 915
502 657
502 871
502 640
503 318
504 328
505 666
505 546
505 732
505 768
505 825
505 896
505 683
505 657
505 729
505 700
506 914
506 609
506 718
506 863
506 705
506 629
506 897
507 823
507 592
508 923
509 321
510 332
511 844
512 420
512 264
512 520
512 293
513 402
514 405
515 517
515 518
515 519
515 521
516 415
516 419
517 242
518 411
519 417
520 290
521 461
522 354
523 355
524 359
525 361
526 367
527 372
528 332
529 673
529 641
529 896
529 826
529 675
529 773
529 860
530 526
531 527
532 924
533 561
534 925
535 926
536 927
537 532
538 795
539 928
540 929
541 623
542 536
543 890
544 930
545 576
546 931
547 862
548 792
549 932
550 933
551 934
552 642
553 935
554 936
555 755
556 848
557 937
558 938
559 939
560 679
561 940
562 814
563 859
564 721
565 941
566 942
567 813
568 591
569 864
570 943
571 810
572 772
573 749
574 735
575 944
576 916
577 546
578 945
579 674
580 711
581 699
582 836
583 946
584 633
585 945
586 947
587 915
588 948
589 949
590 853
591 585
592 645
593 933
594 950
595 951
596 764
597 616
598 815
599 810
600 551
601 849
602 942
603 534
604 952
605 929
606 948
607 949
608 834
609 641
610 575
611 604
612 693
613 953
614 892
615 725
616 942
617 952
618 954
619 955
620 751
621 644
622 894
623 926
624 927
625 956
626 957
627 882
628 619
629 949
630 944
631 858
632 717
633 949
634 608
635 958
636 959
637 838
638 960
639 589
640 856
641 745
642 721
643 941
644 952
645 961
646 941
647 962
648 801
649 619
650 963
651 839
652 964
653 935
654 722
655 864
656 586
657 948
658 607
659 647
660 930
661 965
662 966
663 693
664 778
665 672
666 967
667 733
668 968
669 969
670 595
671 629
672 647
673 917
674 780
675 950
676 935
677 962
678 744
679 638
680 970
681 917
682 780
683 900
684 583
685 677
686 691
687 578
688 824
689 946
690 936
691 970
692 578
693 955
694 799
695 959
696 635
697 922
698 690
698 922
699 971
700 972
701 950
702 973
703 708
704 814
705 906
706 972
707 866
708 936
709 660
710 929
711 932
712 661
713 974
714 936
715 693
716 970
717 947
718 932
719 964
720 974
721 951
722 930
723 916
724 818
725 974
726 714
727 967
728 540
729 701
730 788
731 975
732 692
733 925
734 964
735 973
736 554
737 940
738 976
739 535
740 977
741 830
742 970
743 931
744 975
745 960
746 650
747 793
748 934
749 951
750 921
751 957
752 882
752 873
753 727
754 767
754 720
755 975
756 626
757 825
758 978
759 826
760 675
761 979
762 757
762 829
763 787
764 980
765 921
766 910
767 931
768 981
769 867
770 943
771 829
772 969
773 763
774 941
775 981
776 946
777 944
778 982
779 561
780 958
781 785
782 745
783 805
784 983
785 940
786 770
787 951
788 544
789 742
790 697
791 628
792 963
793 982
794 749
795 956
796 716
797 704
798 943
799 984
800 706
801 722
802 666
802 867
803 662
804 978
805 595
806 813
807 585
808 864
809 669
810 933
811 748
812 573
813 985
814 945
815 961
816 985
817 743
818 968
819 778
819 589
820 816
821 569
822 881
823 875
824 958
825 968
826 948
827 928
828 830
829 965
830 930
831 638
832 834
833 661
834 952
835 668
836 964
837 787
838 617
839 971
840 544
841 680
842 843
843 844
844 986
845 925
846 594
847 931
848 605
849 980
850 673
851 715
852 676
853 644
854 959
855 713
856 604
857 981
858 923
859 974
860 959
861 617
862 976
863 987
864 955
865 702
866 975
867 968
868 894
869 738
870 863
871 972
872 882
873 988
874 737
875 966
876 989
877 927
878 928
879 923
880 909
881 816
882 926
883 873
884 785
885 990
886 866
886 909
887 885
888 876
889 539
890 962
891 991
892 984
893 919
894 956
895 907
896 978
897 992
898 627
899 557
900 971
901 737
902 922
903 605
904 731
905 981
906 950
907 925
908 845
909 988
910 993
911 804
912 843
913 994
914 847
915 971
916 967
917 945
918 897
919 897
920 710
921 940
922 966
923 958
925 929
926 995
927 988
928 996
929 997
930 998
931 999
932 982
933 965
934 969
935 1000
936 962
940 985
941 980
942 1001
943 982
944 942
945 1002
946 984
947 1003
948 933
949 1000
950 984
951 1004
952 1005
955 997
956 985
957 955
958 997
959 1000
960 997
961 960
962 1006
963 947
964 965
965 1007
966 1008
967 1009
968 947
969 1010
970 967
971 1011
972 973
973 1000
974 969
975 966
976 960
978 943
980 973
981 923
982 1012
984 1013
985 1014
988 1015
997 1016
1000 1017

0
1
2
3
4
5
6
7
8
9
10
11
12
13
14
15
16
17
18
19
20
21
22
23
24
25
26
27
28
29
30
31
32
33
34
35
36
37
38
39
40
41
42
43
44
924
1006
1014
991
993
996
998
986
1009
999
1008
1002
1016
1003
1012
1011
953
987
1007
1013
1010
1004
979
1017
1001
937
992
983
994
995
1005
938
939
990
989
977
1015
954
