259 750

0 34
0 35
0 36
1 34
1 37
1 38
1 39
1 40
2 34
2 41
2 42
2 43
2 44
2 45
2 46
2 47
2 48
2 49
2 50
2 51
2 52
3 34
3 41
3 53
3 54
3 55
3 46
3 47
3 48
3 49
3 56
3 57
3 58
3 52
4 59
5 59
6 41
6 60
6 55
6 43
7 41
7 60
7 55
7 43
8 53
8 55
8 61
9 42
9 43
9 62
9 45
9 63
10 64
10 65
10 66
10 67
10 68
10 69
11 70
11 71
11 72
11 73
12 70
12 69
13 74
13 75
13 76
13 77
13 78
13 79
13 80
13 81
13 82
13 83
13 84
13 85
13 86
13 87
13 88
13 89
13 90
13 91
13 92
13 93
13 94
13 95
13 96
13 97
13 98
13 99
13 100
13 101
14 74
14 102
14 76
14 103
14 104
14 105
14 106
14 107
14 108
14 109
14 110
14 111
14 112
14 113
14 114
14 115
14 116
14 117
15 102
15 118
15 76
15 119
15 120
15 121
15 122
15 82
15 123
15 85
15 124
15 125
15 117
15 126
15 127
16 128
16 129
16 130
16 131
16 132
16 77
16 119
16 78
16 120
16 133
16 134
16 135
16 136
16 137
16 138
16 139
16 140
16 141
16 88
16 142
16 89
16 90
16 91
16 143
16 144
16 37
16 38
17 128
17 129
17 130
17 131
17 145
17 77
17 119
17 78
17 120
17 133
17 134
17 135
17 136
17 137
17 138
17 139
17 84
17 140
17 124
17 87
18 75
18 118
18 76
18 103
18 104
18 79
18 105
18 106
18 146
18 147
18 148
18 149
18 150
18 151
18 126
18 152
18 153
18 92
18 154
18 155
18 156
18 157
18 95
18 158
18 96
18 159
18 160
18 161
18 162
18 163
18 164
19 165
19 166
19 167
19 168
19 107
19 169
19 170
19 171
19 113
19 148
19 149
19 116
19 86
19 172
19 173
19 152
19 153
19 154
19 155
19 174
19 156
19 157
19 95
19 158
19 175
19 176
19 177
19 38
19 161
19 162
19 163
19 164
20 165
20 166
20 167
20 178
20 107
20 169
20 170
20 171
20 114
20 115
20 150
20 151
20 86
20 172
21 179
21 180
21 103
21 181
21 182
21 183
21 184
21 80
21 121
21 82
21 107
21 169
21 185
21 186
21 113
21 115
21 149
21 151
21 117
22 179
22 180
22 103
22 181
22 79
22 183
22 184
22 81
22 122
22 82
22 169
22 108
22 112
22 114
22 148
22 150
22 116
22 117
22 152
22 153
22 92
22 155
22 174
22 156
22 157
22 95
22 158
22 96
22 159
22 176
22 177
22 161
22 162
22 163
22 164
23 65
23 187
23 188
23 189
23 190
23 191
23 192
23 193
23 146
23 194
23 195
23 170
23 186
23 111
23 196
23 51
23 197
23 198
23 199
23 200
23 201
23 202
23 203
23 204
23 205
23 206
24 187
24 188
24 189
24 190
24 207
24 208
24 195
24 171
24 186
24 111
24 198
24 199
24 200
24 201
24 202
24 203
24 204
24 205
25 49
25 56
25 207
25 57
25 208
25 195
25 171
25 185
25 110
25 209
25 210
25 199
25 200
25 201
25 202
25 211
25 212
25 213
25 204
25 206
25 101
26 58
26 214
26 215
26 197
26 71
26 209
26 173
26 210
26 199
26 200
26 201
26 202
26 211
26 216
26 217
26 218
26 219
26 220
27 71
27 221
27 154
27 35
27 217
27 212
27 218
27 213
27 219
27 220
28 88
28 157
28 177
28 163
28 164
29 142
29 174
29 176
30 89
30 174
30 176
31 90
31 92
31 158
31 38
32 91
32 156
32 99
32 161
32 162
33 72
33 73
34 222
35 72
36 223
37 224
37 225
38 224
38 225
38 226
39 224
39 227
40 225
40 226
41 64
42 60
43 228
44 229
45 229
46 65
47 188
48 188
48 191
48 230
48 193
48 50
48 231
48 197
49 191
49 192
50 196
51 232
52 69
53 60
54 62
54 45
55 62
55 44
55 63
56 191
56 230
57 192
57 193
58 50
58 233
58 231
58 215
58 51
58 197
59 64
60 54
60 228
60 61
61 45
61 63
62 229
63 229
64 234
65 235
66 236
67 237
68 238
69 221
69 198
70 65
70 66
70 67
70 68
71 52
72 239
73 240
74 128
74 131
74 183
74 184
75 129
75 130
75 183
76 180
77 167
78 104
79 182
79 142
79 227
79 225
80 134
80 137
81 135
81 136
82 138
83 139
84 58
85 140
86 126
86 127
87 141
88 241
89 242
89 243
90 244
91 244
92 154
93 211
93 216
94 143
95 143
95 144
96 245
96 159
97 175
98 144
99 204
100 219
101 220
102 128
102 129
102 181
102 182
103 77
103 119
103 87
104 48
105 189
106 190
107 146
107 194
108 246
108 83
108 123
109 246
109 83
109 123
110 186
111 247
112 147
113 114
114 248
115 248
116 151
117 86
117 172
118 130
118 131
118 181
118 184
119 167
120 104
121 134
121 135
122 136
122 137
123 139
124 249
125 249
126 141
127 141
128 250
129 250
130 250
131 250
132 166
133 189
134 251
135 251
136 251
137 251
138 168
138 178
139 58
140 247
141 249
142 173
143 252
144 37
144 39
144 40
145 166
146 108
146 109
147 247
148 115
148 244
148 253
148 97
148 99
148 100
149 150
150 248
151 248
152 241
153 241
153 243
154 155
155 254
156 94
156 98
157 94
157 100
158 96
159 175
160 98
160 255
161 205
162 205
163 206
164 206
165 179
165 133
165 105
165 109
165 112
165 87
166 47
167 47
167 190
168 106
169 194
169 127
170 185
171 185
172 126
172 127
173 210
174 94
174 100
175 144
176 177
176 160
177 98
178 106
179 46
179 78
179 120
179 147
180 132
180 145
181 256
182 256
183 256
184 256
185 247
186 111
187 173
187 210
187 216
187 212
187 218
188 66
189 49
189 56
189 57
190 56
191 230
192 193
193 67
194 108
194 109
195 84
195 85
195 140
195 71
196 68
197 232
198 124
198 125
199 254
200 243
201 213
202 244
203 245
203 159
204 220
205 219
206 255
207 230
207 192
208 146
208 194
208 214
208 215
208 255
209 198
209 203
210 242
210 152
210 243
211 252
212 97
213 224
213 227
213 226
214 231
214 51
215 232
216 252
217 203
217 255
218 213
219 101
220 39
221 124
221 125
224 227
225 226
226 73
227 73
228 62
228 44
229 64
230 67
231 196
232 68
233 196
241 257
242 241
243 257
244 257
245 175
246 84
247 233
247 231
248 125
248 172
249 258
250 46
251 105
252 35
253 211
253 216
254 93
254 253
255 101
256 133
257 35

0
1
2
3
4
5
6
7
8
9
10
11
12
13
14
15
16
17
18
19
20
21
22
23
24
25
26
27
28
29
30
31
32
33
222
234
235
236
237
238
258
239
240
223
