1033 2774

0 38
0 39
0 40
0 41
0 42
0 43
0 44
0 45
0 46
0 47
0 48
0 49
0 50
0 51
0 52
0 53
0 54
0 55
0 56
0 57
0 58
0 59
0 60
0 61
0 62
0 63
0 64
0 65
0 66
0 67
0 68
0 69
0 70
0 71
0 72
0 73
0 74
0 75
0 76
0 77
0 78
0 79
0 80
1 81
1 82
1 83
1 84
1 85
1 86
1 87
1 88
1 89
1 90
1 91
1 92
1 93
1 94
1 95
1 96
1 97
1 98
1 99
1 100
1 101
1 102
1 103
1 104
1 105
1 106
1 107
1 108
1 109
1 110
1 111
1 112
1 113
1 114
1 115
1 116
1 117
1 118
1 119
1 120
1 121
1 122
1 123
1 124
1 125
1 126
1 127
1 128
1 129
1 130
1 131
1 132
1 133
1 134
1 135
1 136
1 137
1 138
1 139
1 140
1 141
1 142
1 143
1 144
1 145
1 146
1 147
1 148
1 149
1 150
1 151
1 152
1 153
1 154
1 155
1 156
1 157
1 158
1 159
1 160
1 161
1 162
1 163
1 164
1 165
1 166
1 167
1 168
1 169
1 170
1 171
1 172
1 173
1 174
1 175
1 176
1 177
1 178
1 179
1 180
1 181
1 182
1 183
1 184
2 81
2 82
2 83
2 84
2 185
2 186
2 187
2 188
2 189
2 190
2 191
2 192
2 193
2 100
2 194
2 101
2 195
2 196
2 197
2 103
2 198
2 199
2 106
2 200
2 109
2 201
2 202
2 203
2 204
2 111
2 115
2 205
2 206
2 120
2 121
2 207
2 208
2 125
2 127
2 128
2 209
2 210
2 211
2 212
2 213
2 214
2 132
2 215
2 216
2 134
2 217
2 137
2 218
2 219
2 220
2 221
2 222
2 223
2 224
2 225
2 226
2 227
2 228
2 229
2 230
2 143
2 231
2 232
2 146
2 233
2 234
2 235
2 149
2 150
2 151
2 152
2 154
2 236
2 155
2 237
2 238
2 159
2 239
2 160
2 240
2 241
2 242
2 243
2 244
2 245
2 246
2 247
2 248
2 249
2 250
2 251
2 252
2 167
2 168
2 169
2 170
2 171
2 173
2 174
2 175
2 178
2 180
2 183
3 85
3 86
3 41
3 89
3 42
3 253
3 254
3 255
3 256
3 116
3 257
3 258
3 259
3 260
3 261
3 262
3 263
3 264
3 265
3 266
3 267
3 216
3 268
3 219
3 269
3 270
3 226
3 271
3 272
3 273
3 274
3 275
3 232
3 276
3 277
3 278
3 279
3 280
3 281
3 282
3 283
3 284
3 285
3 174
3 175
3 176
3 177
3 178
3 179
3 180
3 181
3 182
3 184
4 87
4 88
4 90
4 43
4 91
4 44
4 45
4 46
4 189
4 190
4 286
4 287
4 288
4 289
4 99
4 290
4 291
4 292
4 293
4 195
4 294
4 295
4 104
4 296
4 297
4 298
4 299
4 300
4 301
4 107
4 302
4 303
4 304
4 305
4 306
4 307
4 114
4 308
4 118
4 309
4 310
4 311
4 119
4 312
4 313
4 314
4 262
4 315
4 131
4 316
4 264
4 317
4 318
4 319
4 320
4 321
4 217
4 322
4 323
4 324
4 325
4 223
4 270
4 326
4 327
4 328
4 329
4 330
4 331
4 332
4 333
4 334
4 335
4 336
4 337
4 338
4 339
4 282
4 340
4 341
4 342
4 343
4 344
4 345
4 346
4 158
4 159
4 347
4 348
4 349
4 164
4 350
4 165
4 351
4 166
4 167
4 352
4 353
4 354
4 355
4 47
4 48
4 49
4 50
4 51
4 52
4 53
4 54
4 176
4 56
4 57
4 177
4 61
4 62
4 63
4 64
4 179
4 67
4 68
4 69
4 181
4 71
4 72
4 356
4 75
4 357
4 358
4 359
4 360
4 80
5 361
5 189
5 190
5 362
5 201
5 363
5 203
5 204
5 364
5 365
6 94
6 366
6 117
6 311
6 367
6 312
6 368
6 369
6 370
6 371
6 372
6 373
6 374
6 375
6 376
6 377
6 378
6 379
6 380
6 341
6 381
6 382
6 383
6 384
6 385
6 386
6 52
6 53
6 54
6 387
6 388
6 389
6 58
6 59
6 390
6 60
6 391
6 392
6 393
6 62
6 63
6 394
6 65
6 66
6 395
6 396
6 397
6 69
6 398
6 399
6 73
6 74
6 400
6 401
6 77
6 78
7 94
7 188
7 402
7 403
7 404
7 405
7 406
7 100
7 407
7 194
7 408
7 409
7 295
7 102
7 103
7 410
7 106
7 411
7 412
7 413
7 109
7 414
7 415
7 416
7 417
7 111
7 418
7 419
7 420
7 115
7 421
7 206
7 120
7 207
7 208
7 123
7 125
7 422
7 423
7 133
7 320
7 134
7 424
7 425
7 323
7 324
7 426
7 427
7 428
7 139
7 140
7 326
7 327
7 429
7 430
7 329
7 330
7 143
7 144
7 369
7 370
7 371
7 372
7 373
7 149
7 375
7 150
7 151
7 152
7 431
7 154
7 432
7 284
7 433
7 434
7 435
7 346
7 436
7 347
7 437
7 348
7 438
7 439
7 440
7 246
7 441
7 442
7 443
7 444
7 445
7 446
7 447
7 168
7 448
7 353
7 169
7 449
7 170
7 172
7 173
7 382
7 383
7 385
7 386
7 55
7 388
7 389
7 58
7 59
7 450
7 60
7 391
7 392
7 393
7 394
7 65
7 66
7 395
7 397
7 70
7 399
7 73
7 74
7 451
7 401
7 76
7 77
7 78
7 79
8 452
8 253
8 254
8 286
8 287
8 288
8 99
8 290
8 453
8 405
8 406
8 195
8 295
8 104
8 454
8 297
8 298
8 299
8 410
8 302
8 414
8 455
8 306
8 307
8 114
8 256
8 456
8 457
8 311
8 334
8 339
8 458
8 382
8 383
8 385
8 386
8 459
8 460
8 393
8 461
8 397
8 462
9 463
9 464
9 465
9 466
9 467
9 468
9 409
9 469
9 470
9 105
9 297
9 471
9 472
9 473
9 474
9 475
9 476
9 477
9 478
9 479
9 480
9 481
9 482
9 483
9 307
9 484
9 421
9 485
9 486
9 487
9 488
9 342
9 284
9 381
9 489
9 384
9 490
9 491
9 492
9 387
9 459
9 493
9 494
9 390
9 495
9 496
9 497
9 396
9 498
9 499
9 398
9 462
9 72
9 500
9 74
9 400
9 501
10 463
10 253
10 464
10 254
10 259
10 276
10 502
10 503
10 280
10 281
10 431
10 504
10 283
10 49
10 55
10 450
10 67
10 70
10 451
10 78
10 79
10 80
11 188
11 402
11 98
11 99
11 404
11 505
11 506
11 100
11 407
11 101
11 195
11 295
11 103
11 104
11 454
11 105
11 297
11 300
11 106
11 411
11 507
11 508
11 415
11 417
11 112
11 419
11 114
11 117
11 118
11 206
11 119
11 207
11 208
11 124
11 125
11 126
11 127
11 129
11 130
11 509
11 214
11 135
11 138
11 426
11 221
11 510
11 141
11 328
11 511
11 142
11 143
11 512
11 513
11 514
11 432
11 284
11 433
11 434
11 156
11 158
11 437
11 161
11 438
11 439
11 515
11 162
11 251
11 444
11 446
11 166
11 516
11 448
11 353
11 449
11 47
11 48
11 50
11 51
11 388
11 389
11 450
11 391
11 392
11 61
11 394
11 395
11 68
11 399
11 451
11 401
11 76
11 79
12 96
12 517
12 518
12 519
12 520
12 521
12 522
12 523
12 524
12 257
12 205
12 525
12 526
12 261
12 527
12 145
12 528
12 529
12 147
12 148
12 153
12 530
12 283
12 531
12 532
12 533
12 534
12 182
12 356
12 183
12 357
12 358
12 359
12 360
12 184
13 535
13 403
13 505
13 506
13 508
13 303
13 536
13 110
13 305
13 365
13 308
13 457
13 537
13 538
13 313
13 314
13 511
13 229
13 274
13 527
13 332
13 333
13 539
13 335
13 336
13 337
13 338
13 153
13 530
13 540
13 434
13 344
13 241
13 541
13 515
13 246
13 252
13 446
13 516
13 531
13 532
13 533
13 534
13 72
13 356
13 75
13 357
13 358
13 359
13 360
13 80
14 535
14 517
14 192
14 194
14 198
14 199
14 507
14 108
14 413
14 542
14 520
14 202
14 536
14 113
14 420
14 523
14 524
14 537
14 538
14 367
14 543
14 525
14 539
14 528
14 233
14 234
14 544
14 280
14 545
14 153
14 530
14 546
14 237
14 157
14 547
14 242
14 243
14 244
14 548
14 531
14 532
14 533
14 534
14 182
14 356
14 183
14 357
14 358
14 359
14 360
14 184
15 464
15 465
15 549
15 466
15 467
15 468
15 550
15 551
15 407
15 552
15 409
15 454
15 469
15 105
15 553
15 472
15 474
15 412
15 475
15 476
15 542
15 477
15 478
15 479
15 480
15 481
15 482
15 483
15 307
15 484
15 485
15 486
15 487
15 342
15 554
15 555
15 556
15 557
15 558
15 559
15 560
15 561
15 562
15 563
15 381
15 285
15 564
15 565
15 491
15 566
15 460
15 493
15 567
15 568
15 569
15 496
15 570
15 461
15 497
15 571
15 572
16 573
16 256
16 485
16 486
16 487
16 574
16 489
16 564
16 384
16 490
16 565
16 491
16 492
16 566
16 387
16 459
16 460
16 493
16 494
16 390
16 567
16 495
16 568
16 569
16 496
16 570
16 461
16 497
16 571
16 572
16 396
16 498
16 499
16 398
16 462
16 500
16 400
16 501
17 573
17 256
17 311
17 367
17 312
17 368
17 512
17 575
17 502
17 503
17 513
17 376
17 377
17 514
17 504
17 432
17 574
17 47
17 48
17 49
17 50
17 51
17 52
17 53
17 54
17 55
17 56
17 57
17 58
17 59
17 450
17 60
17 391
17 392
17 61
17 62
17 63
17 64
17 65
17 66
17 395
17 67
17 68
17 69
17 70
17 71
17 73
17 451
17 401
18 286
18 287
18 456
18 310
18 315
18 509
18 325
18 428
18 429
18 430
18 276
18 374
18 576
18 281
18 380
18 458
18 382
18 383
18 490
18 565
18 569
18 498
19 518
19 519
19 577
19 416
19 578
19 521
19 522
19 579
19 580
19 526
19 230
19 581
19 283
20 518
20 98
20 465
20 582
20 583
20 577
20 584
20 292
20 551
20 407
20 194
20 585
20 586
20 587
20 302
20 588
20 112
20 589
20 590
20 591
20 485
20 486
20 487
20 574
20 592
20 593
20 546
20 594
20 595
20 596
20 556
20 597
20 598
20 599
20 548
20 489
20 564
20 384
20 490
20 565
20 491
20 492
20 566
20 387
20 459
20 460
20 493
20 494
20 390
20 567
20 495
20 568
21 518
21 98
21 465
21 582
21 583
21 453
21 551
21 600
21 301
21 473
21 585
21 586
21 587
21 302
21 578
21 588
21 112
21 601
21 589
21 590
21 591
21 602
21 543
21 123
21 124
21 603
21 604
21 605
21 606
21 607
21 331
21 608
21 609
21 576
21 378
21 379
21 380
21 574
21 569
21 496
21 570
21 461
21 497
21 571
21 572
21 396
21 498
21 499
21 398
21 462
21 500
21 400
21 501
22 288
22 582
22 610
22 292
22 408
22 293
22 294
22 296
22 298
22 611
22 612
22 306
22 613
22 614
22 615
22 616
22 617
22 489
22 564
23 618
23 619
23 620
23 621
23 622
23 542
23 623
23 624
23 433
23 343
23 599
23 441
23 442
23 443
23 625
24 626
24 627
24 628
24 629
24 623
24 624
24 630
24 631
24 632
24 633
24 634
24 635
24 161
24 636
24 637
24 638
25 626
25 627
25 628
25 629
25 639
25 319
25 424
25 640
25 630
25 631
25 632
25 633
25 634
25 635
25 161
25 636
25 637
25 638
26 641
26 642
26 628
26 629
26 614
26 616
26 617
27 641
27 642
27 628
27 629
27 643
27 644
27 318
27 320
27 425
27 645
27 427
27 646
27 345
27 647
27 648
27 649
27 632
27 650
27 651
27 652
28 610
28 550
28 551
28 653
28 654
28 420
28 623
28 624
28 546
28 595
28 596
28 556
28 597
28 558
28 559
28 560
28 598
28 562
28 246
28 163
28 248
28 655
28 656
28 249
28 548
28 563
28 625
29 657
29 658
29 615
29 616
29 617
30 657
30 658
30 659
31 657
31 658
31 659
32 584
32 292
32 101
32 196
32 197
32 454
32 470
32 299
32 471
32 553
32 612
32 620
32 621
32 622
32 542
32 304
32 418
32 601
32 654
32 420
32 309
32 543
32 207
32 660
32 661
32 127
32 128
32 662
32 663
32 664
32 211
32 212
32 317
32 213
32 665
32 134
32 137
32 222
32 666
32 667
32 227
32 228
32 231
32 581
32 146
32 668
32 575
32 669
32 544
32 280
32 545
32 670
32 155
32 237
32 159
32 671
32 242
32 243
32 672
32 655
32 656
33 550
33 408
33 611
33 613
33 614
33 615
33 616
33 617
34 455
34 673
34 315
34 509
34 325
34 510
34 674
35 675
35 676
35 529
35 677
35 235
36 341
36 488
36 434
36 345
36 158
36 561
36 349
36 541
36 440
36 350
36 351
36 652
36 446
36 166
36 447
36 352
36 353
36 354
36 355
36 385
36 386
36 492
36 566
36 388
36 389
36 494
36 567
36 495
36 568
36 393
36 570
36 394
36 571
36 572
36 397
36 499
36 399
36 500
36 501
36 75
36 76
36 77
37 678
38 679
39 680
40 681
41 682
41 683
42 682
42 684
43 685
43 686
44 687
44 688
45 689
45 690
46 689
46 691
47 692
48 693
49 694
50 695
51 696
52 697
53 81
54 83
55 698
56 699
57 700
58 701
59 87
60 90
61 702
62 703
63 84
64 704
65 705
66 91
67 706
68 707
69 82
70 708
71 709
72 186
73 88
74 89
75 710
76 92
77 93
78 86
79 85
80 185
81 711
81 712
82 711
82 712
83 713
83 714
84 713
84 715
85 716
85 717
86 718
86 719
87 720
87 719
88 720
88 683
89 682
89 721
90 685
90 686
91 687
91 688
92 687
92 690
93 689
93 691
94 722
95 723
96 724
97 725
98 726
99 727
100 728
101 729
102 730
103 730
104 731
105 732
106 733
107 193
108 200
109 734
110 735
111 736
112 737
113 191
114 738
115 739
116 187
117 452
118 452
119 740
120 741
121 742
122 743
123 744
124 745
125 746
126 747
127 422
128 422
129 748
130 749
131 663
132 662
133 750
134 751
135 752
136 752
137 753
138 754
139 755
140 756
141 757
142 758
143 759
144 760
145 761
146 762
147 763
148 764
149 765
150 766
151 767
152 768
153 769
154 770
155 435
156 771
157 772
158 773
159 774
160 775
161 776
162 777
163 672
164 778
165 779
166 445
167 445
168 780
169 781
170 782
171 783
172 783
173 784
174 694
175 697
176 698
177 701
178 703
179 705
180 706
181 708
182 186
183 710
184 185
185 716
185 717
186 718
186 785
187 786
188 723
189 787
190 788
191 789
192 790
193 791
194 792
195 729
196 793
197 730
198 794
199 795
200 796
201 797
202 363
203 798
204 735
205 361
206 799
207 800
208 800
209 663
210 801
211 802
212 803
213 804
214 804
215 805
216 806
217 807
218 808
219 809
220 810
221 811
222 812
223 813
224 814
225 815
226 816
227 817
228 818
229 580
230 819
231 579
232 820
233 821
234 822
235 764
236 823
237 771
238 772
239 436
240 824
241 825
242 826
243 827
244 828
245 829
246 777
247 672
248 830
249 831
250 779
251 832
252 833
253 787
254 788
255 834
256 835
257 836
258 837
259 742
260 800
261 838
262 839
263 840
264 801
265 803
266 841
267 750
268 752
269 812
270 814
271 817
272 606
273 606
274 819
275 759
276 842
277 762
278 843
279 844
280 767
281 845
282 846
283 847
284 847
285 782
286 788
287 848
288 849
289 850
290 851
291 852
292 853
293 729
294 854
295 793
296 732
297 732
298 795
299 795
300 855
301 856
302 857
303 363
304 735
305 364
306 858
307 859
308 95
309 361
310 860
311 861
312 862
313 122
314 838
315 863
316 864
317 803
318 662
319 805
320 806
321 751
322 865
323 808
324 809
325 866
326 815
327 816
328 867
329 580
330 819
331 660
332 579
333 820
334 842
335 675
336 868
337 763
338 764
339 845
340 869
341 870
342 871
343 872
344 873
345 874
346 772
347 775
348 825
349 875
350 876
351 877
352 530
353 878
354 781
355 784
356 89
357 92
358 93
359 86
360 85
361 722
362 834
363 879
364 880
365 881
366 723
367 882
368 883
369 761
370 675
371 868
372 763
373 843
374 844
375 884
376 885
377 886
378 258
379 846
380 869
381 887
382 692
383 693
384 174
385 695
386 696
387 176
388 699
389 700
390 41
391 43
392 45
393 702
394 704
395 46
396 180
397 707
398 181
399 709
400 42
401 44
402 724
403 97
404 291
405 790
406 888
407 889
408 890
409 891
410 855
411 255
412 892
413 893
414 797
415 289
416 363
417 798
418 364
419 881
420 894
421 836
422 895
423 896
424 807
425 865
426 810
427 811
428 897
429 867
430 673
431 258
432 869
433 898
434 899
435 873
436 773
437 824
438 540
439 828
440 245
441 778
442 779
443 832
444 833
445 900
446 900
447 236
448 887
449 781
450 41
451 42
452 901
453 291
454 731
455 289
456 95
457 187
458 902
459 56
460 57
461 64
462 71
463 786
464 903
465 850
466 549
467 904
468 905
469 794
470 794
471 855
472 733
473 193
474 255
475 200
476 893
477 906
478 879
479 907
480 908
481 736
482 880
483 909
484 738
485 910
485 911
485 310
485 885
485 602
485 912
485 543
485 913
485 260
485 123
485 124
485 661
485 603
485 914
485 915
485 316
485 916
485 317
485 266
485 267
485 321
485 136
485 917
485 918
485 919
485 920
485 269
485 605
485 271
485 272
485 273
485 607
485 275
485 608
485 277
485 278
485 609
485 921
486 911
486 310
486 602
486 912
486 208
486 915
486 916
486 213
486 918
486 666
486 225
486 271
486 273
486 607
486 608
486 668
486 677
486 669
486 609
486 921
487 910
487 911
487 602
487 843
487 367
487 913
487 260
487 820
487 819
487 838
487 815
487 839
487 811
487 809
487 808
487 865
487 915
487 263
487 316
487 664
487 916
487 265
487 317
487 266
487 267
487 922
487 321
487 268
487 136
487 919
487 269
487 813
487 667
487 923
487 674
487 272
487 273
487 607
487 275
487 608
487 277
487 512
487 575
487 279
487 609
487 886
487 921
488 924
489 692
490 695
491 175
492 81
493 177
494 87
495 43
496 178
497 179
498 707
499 82
500 88
501 44
502 843
503 844
504 846
505 790
506 888
507 892
508 797
509 925
510 897
511 673
512 821
513 884
514 258
515 245
516 236
517 97
518 926
519 927
520 797
521 737
522 858
523 95
524 187
525 122
526 928
527 660
528 675
529 868
530 929
531 780
532 878
533 285
534 783
535 724
536 798
537 836
538 361
539 761
540 930
541 875
542 857
543 741
544 884
545 886
546 931
547 932
548 877
549 852
550 791
551 933
552 934
553 856
554 595
555 596
556 932
557 597
558 775
559 824
560 825
561 540
562 245
563 833
564 693
565 696
566 83
567 90
568 45
569 702
570 84
571 91
572 46
573 935
574 936
575 822
576 885
577 790
578 798
579 937
580 938
581 820
582 939
583 834
584 888
585 940
586 796
587 941
588 942
589 859
590 894
591 835
592 823
593 943
594 944
595 774
596 671
597 547
598 826
599 540
600 792
601 881
602 945
603 946
604 947
605 757
606 818
607 758
608 760
609 766
610 291
611 856
612 193
613 126
613 603
613 948
613 914
613 315
613 949
613 209
613 210
613 916
613 265
613 213
613 214
613 950
613 215
613 216
613 951
613 322
613 218
613 952
613 325
613 953
613 605
613 340
614 126
614 948
614 949
614 643
614 644
614 214
614 950
614 922
614 917
614 645
614 920
614 953
614 224
614 923
614 340
615 592
615 670
615 594
615 828
615 646
615 954
615 238
615 955
615 240
615 247
615 248
615 655
615 656
615 249
615 250
615 956
616 592
616 593
616 594
616 646
616 345
616 647
616 954
616 598
616 957
616 655
616 656
616 958
616 956
617 594
617 646
617 772
617 648
617 649
617 632
617 650
617 955
617 824
617 651
617 959
617 248
617 249
617 960
618 549
619 934
620 892
621 200
622 893
623 129
623 949
623 961
623 263
623 643
623 962
623 963
623 639
623 964
623 965
623 665
623 922
623 951
623 966
623 645
623 220
623 967
624 129
624 949
624 961
624 263
624 643
624 962
624 963
624 639
624 964
624 965
624 966
624 952
624 640
624 967
625 236
626 618
627 619
628 940
629 734
630 554
631 555
632 932
633 557
634 968
635 969
636 970
637 829
638 971
639 972
640 973
641 618
642 619
643 974
644 972
645 754
646 975
647 976
648 554
649 555
650 557
651 827
652 833
653 890
654 191
655 830
656 831
657 977
658 978
659 832
659 433
659 778
659 979
659 959
659 957
659 958
659 960
660 980
661 838
662 896
663 981
664 801
665 805
666 813
667 814
668 868
669 764
670 982
671 239
672 777
673 983
674 867
675 984
676 985
677 763
678 847
682 986
683 987
684 988
685 989
686 988
687 989
688 988
689 989
690 988
691 990
692 991
692 992
693 991
693 992
694 991
694 993
695 994
695 995
696 996
696 995
697 996
697 785
698 713
698 714
699 997
699 721
700 998
700 999
701 718
701 785
702 996
702 995
703 711
703 785
704 998
704 999
705 720
705 721
706 994
706 993
707 994
707 995
708 716
708 715
709 997
709 721
710 685
710 684
711 1000
712 1001
713 1000
714 1001
715 987
716 1000
717 987
718 986
719 987
720 986
721 1002
722 38
723 786
724 1003
725 935
726 849
727 1004
728 853
729 891
730 854
731 890
732 792
733 853
734 1004
735 908
736 942
737 1005
738 1006
739 903
740 1007
741 862
742 741
743 883
744 883
745 980
746 928
747 1008
748 1009
749 1010
750 1011
751 1010
752 1012
753 1013
754 1009
755 947
756 946
757 1008
758 938
759 980
760 937
761 985
762 984
763 1014
764 882
765 1007
766 861
767 1015
768 860
769 799
770 1016
771 435
772 1017
773 1017
774 773
775 968
776 975
777 872
778 1018
779 931
780 871
781 878
782 924
783 870
784 902
785 1002
786 901
787 1003
788 725
789 1006
790 904
791 977
792 889
793 854
794 731
795 889
796 851
797 906
798 907
799 837
800 743
801 974
802 1019
803 1020
804 864
805 1011
806 749
807 1012
808 748
809 1009
810 973
811 1021
812 1022
813 755
814 756
815 747
816 1008
817 1023
818 983
819 745
820 744
821 1024
822 1014
823 678
824 969
825 776
826 899
827 970
828 1025
829 944
830 1018
831 876
832 1026
833 971
834 1027
835 739
836 901
837 1016
838 746
839 895
840 981
841 896
842 985
843 740
844 765
845 769
846 1016
847 871
848 1005
849 926
850 726
851 727
852 362
853 791
854 552
855 933
856 728
857 1004
858 1028
859 789
860 799
861 1015
862 676
863 1021
864 423
865 1013
866 1021
867 1023
868 1024
869 1029
870 902
871 929
872 1018
873 979
874 979
875 1025
876 898
877 1026
878 936
879 726
880 1005
881 909
882 740
883 676
884 945
885 1015
886 768
887 929
888 905
889 933
890 600
891 934
892 1027
893 941
894 1006
895 604
896 1011
897 1022
898 931
899 930
900 982
901 722
902 40
903 366
904 927
905 977
906 939
907 849
908 926
909 1028
910 1029
911 837
912 1007
913 742
914 839
915 840
916 802
917 865
918 808
919 810
920 811
921 770
922 806
923 816
924 870
925 864
926 848
927 362
928 938
929 936
930 1025
931 1026
932 239
933 728
934 653
935 903
936 924
937 744
938 745
939 850
940 1027
941 727
942 848
943 982
944 872
945 861
946 747
947 946
948 947
949 1010
950 662
951 807
952 809
953 897
954 1017
955 775
956 832
957 672
958 779
959 875
960 900
961 840
962 1019
963 972
964 804
965 841
966 753
967 866
968 976
969 874
970 930
971 943
972 1020
973 863
974 925
975 899
976 874
977 927
978 983
979 975
980 937
981 423
982 823
983 928
984 1024
985 984
986 1030
987 1031
988 1031
989 1030
990 1031
991 1032
992 1001
993 1001
994 1032
995 1002
996 1032
997 990
998 990
999 1002
1000 1030
1001 1031
1002 40
1003 366
1004 939
1005 1028
1006 935
1007 945
1008 1023
1009 863
1010 1012
1011 749
1012 1013
1013 748
1014 882
1015 860
1016 1029
1017 976
1018 898
1019 1020
1020 925
1021 1022
1022 604
1023 978
1024 1014
1025 944
1026 943
1027 851
1028 789
1029 39
1030 38
1031 39
1032 1030

0
1
2
3
4
5
6
7
8
9
10
11
12
13
14
15
16
17
18
19
20
21
22
23
24
25
26
27
28
29
30
31
32
33
34
35
36
37
679
680
681
