0 1
1 2
2 4
3 5
4 7
5 8
6 10
7 11
8 14
9 16
10 17
11 19
12 20
13 22
14 23
15 25
16 27
17 35
18 37
19 39
20 41
21 43
22 45
23 47
24 49
25 59
26 61
27 63
28 65
29 67
30 69
31 3
32 6
33 9
34 12
35 15
36 18
37 21
38 24
39 26
40 28
41 36
42 38
43 40
44 42
45 44
46 46
47 48
48 50
49 60
50 62
51 64
52 66
53 68
54 70
55 31
56 32
57 34
58 33
59 55
60 58
61 57
62 56
63 30
64 29
65 51
66 54
67 52
68 53
69 71
70 72
71 73
72 74
73 75
74 78
75 76
76 77
77 79
78 80
79 81
80 82
81 out:75
82 out:78
83 out:76
84 out:77
85 out:79
86 out:80
87 out:81
88 out:82
