1000
255 12 15 16 10 255 8 2 6 14 255 4 0 11 13 255 255 255 7 3 255 255 1 5 9
255 255 255 255 255 5 1 255 255 255 9 2 0 4 8 13 6 11 7 12 14 10 16 3 15
7 15 3 255 255 11 16 12 255 255 6 10 8 255 255 2 14 4 1 255 9 13 0 5 255
255 9 13 14 10 255 5 2 6 16 255 1 15 11 7 255 255 12 8 3 255 255 255 4 0
255 8 12 14 10 255 4 15 13 16 255 0 9 2 6 255 255 5 1 11 255 255 255 3 7
255 255 255 255 255 12 8 4 0 255 15 16 10 14 13 7 11 6 5 9 3 255 2 1 255
16 6 15 8 0 10 11 2 12 4 14 7 255 255 255 13 3 1 255 255 9 255 5 255 255
255 255 255 255 255 255 255 8 12 15 255 0 4 3 7 5 1 2 6 11 9 13 14 10 16
255 9 13 14 10 255 5 2 6 16 255 1 15 11 7 255 255 12 8 3 255 255 255 4 0
15 12 8 4 0 16 10 14 13 255 11 6 5 9 255 7 2 1 255 255 3 255 255 255 255
255 12 15 16 10 255 8 2 6 14 255 4 255 11 13 255 0 255 7 9 255 255 1 3 5
255 255 255 255 255 255 255 0 4 8 5 1 255 15 12 13 14 10 16 3 9 2 6 11 7
12 15 7 3 255 8 16 11 255 255 4 10 6 2 255 0 14 5 1 255 255 13 9 255 255
10 14 13 9 255 16 6 2 5 255 7 11 15 1 255 3 8 12 255 255 0 4 255 255 255
2 6 10 14 255 255 11 16 13 255 255 7 15 9 255 255 3 12 5 255 0 4 8 1 255
255 255 255 255 255 255 255 1 5 9 4 0 255 2 13 12 15 11 6 14 8 3 7 16 10
16 11 7 3 255 10 6 2 4 0 14 15 12 8 255 13 9 5 1 255 255 255 255 255 255
255 255 255 255 255 2 9 5 1 255 6 11 7 255 255 10 16 3 0 4 14 13 15 12 8
3 7 13 5 255 255 11 14 9 1 0 6 10 255 255 4 2 16 255 255 8 12 15 255 255
255 255 255 255 255 255 5 9 13 14 255 1 2 6 10 0 255 15 11 16 4 8 12 7 3
255 12 15 16 10 255 8 2 6 14 255 4 0 11 13 255 255 255 7 3 255 255 1 5 9
255 255 255 255 255 5 1 255 255 255 9 2 0 4 8 13 6 11 7 12 14 10 16 3 15
7 15 3 255 255 11 16 12 255 255 6 10 8 255 255 2 14 4 1 255 9 13 0 5 255
255 9 13 14 10 255 5 2 6 16 255 1 15 11 7 255 255 12 8 3 255 255 255 4 0
255 8 12 14 10 255 4 15 13 16 255 0 9 2 6 255 255 5 1 11 255 255 255 3 7
255 255 255 255 255 12 8 4 0 255 15 16 10 14 13 7 11 6 5 9 3 255 2 1 255
16 6 15 8 0 10 11 2 12 4 14 7 255 255 255 13 3 1 255 255 9 255 5 255 255
255 255 255 255 255 255 255 8 12 15 255 0 4 3 7 5 1 2 6 11 9 13 14 10 16
255 9 13 14 10 255 5 2 6 16 255 1 15 11 7 255 255 12 8 3 255 255 255 4 0
15 12 8 4 0 16 10 14 13 255 11 6 5 9 255 7 2 1 255 255 3 255 255 255 255
255 12 15 16 10 255 8 2 6 14 255 4 255 11 13 255 0 255 7 9 255 255 1 3 5
255 255 255 255 255 255 255 0 4 8 5 1 255 15 12 13 14 10 16 3 9 2 6 11 7
255 255 255 255 255 14 13 9 5 255 10 6 2 1 255 16 11 15 255 0 3 7 12 8 4
255 16 10 11 3 255 15 14 6 7 255 12 13 2 255 255 8 9 1 255 0 4 5 255 255
255 255 255 255 255 255 255 0 4 8 255 5 9 15 12 3 1 2 13 14 7 11 6 16 10
255 8 12 7 3 255 4 15 11 16 255 0 255 6 10 255 255 1 2 14 255 255 5 9 13
13 9 255 255 255 14 5 1 255 255 10 6 2 255 255 16 11 15 255 0 3 7 12 8 4
10 14 6 9 1 16 13 11 2 5 15 0 7 255 255 12 4 3 255 255 8 255 255 255 255
255 255 255 255 2 255 3 7 11 6 255 255 13 14 10 255 1 9 5 16 0 4 8 12 15
255 15 7 16 11 255 12 3 10 6 255 8 4 14 2 255 255 0 13 9 255 255 255 1 5
255 255 255 255 255 8 4 0 255 255 12 15 255 1 5 7 11 6 2 9 3 16 10 14 13
13 11 3 9 255 14 6 7 5 255 10 2 0 1 255 16 12 4 255 255 15 8 255 255 255
0 4 8 12 15 255 13 14 10 16 255 9 5 6 11 255 255 1 2 7 255 255 255 255 3
2 6 10 16 15 255 11 14 5 12 255 7 13 9 8 255 3 255 1 4 255 255 255 255 0
255 255 255 255 255 15 12 8 255 255 7 3 4 0 255 16 10 14 13 1 11 6 2 9 5
255 255 3 7 15 255 255 12 11 16 255 255 8 6 10 255 1 4 2 14 255 5 0 9 13
13 14 10 16 15 9 5 6 11 7 255 1 2 12 3 255 255 255 8 4 255 255 255 255 0
255 14 10 16 3 255 13 6 11 7 255 9 2 15 12 255 5 1 255 8 255 255 255 0 4
2 255 255 255 255 6 11 7 3 255 10 14 13 255 255 16 5 9 1 255 15 12 8 4 0
255 7 11 16 12 255 3 6 10 15 255 255 2 14 8 255 255 1 13 4 255 255 5 9 0
255 255 255 255 255 255 255 255 5 1 8 4 0 9 3 12 2 6 11 7 15 16 10 14 13
13 14 10 16 3 9 5 6 11 7 255 1 2 15 12 255 255 255 255 8 255 255 255 0 4
255 255 255 255 255 14 13 9 5 255 10 6 2 1 255 16 11 15 255 0 3 7 12 8 4
255 16 10 11 3 255 15 14 6 7 255 12 13 2 255 255 8 9 1 255 0 4 5 255 255
255 255 255 255 255 255 255 0 4 8 255 5 9 15 12 3 1 2 13 14 7 11 6 16 10
255 8 12 7 3 255 4 15 11 16 255 0 255 6 10 255 255 1 2 14 255 255 5 9 13
13 9 255 255 255 14 5 1 255 255 10 6 2 255 255 16 11 15 255 0 3 7 12 8 4
10 14 6 9 1 16 13 11 2 5 15 0 7 255 255 12 4 3 255 255 8 255 255 255 255
255 255 255 255 2 255 3 7 11 6 255 255 13 14 10 255 1 9 5 16 0 4 8 12 15
255 15 7 16 11 255 12 3 10 6 255 8 4 14 2 255 255 0 13 9 255 255 255 1 5
255 255 255 255 255 8 4 0 255 255 12 15 255 1 5 7 11 6 2 9 3 16 10 14 13
13 11 3 9 255 14 6 7 5 255 10 2 0 1 255 16 12 4 255 255 15 8 255 255 255
0 4 8 12 15 255 13 14 10 16 255 9 5 6 11 255 255 1 2 7 255 255 255 255 3
2 6 10 16 15 255 11 14 5 12 255 7 13 9 8 255 3 255 1 4 255 255 255 255 0
5 9 1 255 255 15 12 8 255 255 14 13 4 0 255 10 6 2 255 255 16 11 7 3 255
7 11 16 12 4 3 6 10 15 8 255 2 14 255 0 255 1 13 255 255 255 5 9 255 255
255 255 255 255 255 255 1 5 9 2 255 255 7 11 6 4 0 3 16 10 8 12 15 13 14
255 1 3 7 13 255 5 9 11 14 255 255 0 6 10 255 255 4 2 16 255 255 8 12 15
255 255 255 255 255 13 9 5 1 255 14 15 12 8 255 10 6 2 4 0 16 11 7 3 255
16 10 11 3 255 15 14 6 7 255 12 13 2 255 255 8 0 9 255 255 4 1 5 255 255
255 255 255 255 255 1 255 255 255 2 5 3 7 11 6 0 9 13 14 10 4 8 12 15 16
255 8 12 3 7 255 4 15 16 11 255 0 255 10 6 255 255 1 14 2 255 255 5 13 9
15 16 10 14 13 7 11 6 5 9 3 12 2 1 255 4 8 255 255 255 0 255 255 255 255
14 16 12 4 255 13 10 15 8 0 2 6 1 255 255 9 11 5 255 255 3 7 255 255 255
255 255 255 255 255 0 4 8 12 15 255 13 14 10 16 255 9 5 6 11 255 1 3 2 7
255 15 16 11 7 255 12 10 6 2 255 8 14 5 3 255 4 13 9 1 255 0 255 255 255
255 255 255 255 255 15 12 8 255 255 7 3 4 0 255 11 6 2 1 5 16 10 14 13 9
255 1 3 7 13 255 5 9 11 14 255 255 0 6 10 255 255 4 2 16 255 255 8 12 15
255 0 4 8 12 13 14 10 16 15 9 5 6 11 7 255 1 2 255 3 255 255 255 255 255
6 10 16 15 12 11 14 7 3 8 2 13 9 5 4 255 255 255 1 0 255 255 255 255 255
255 255 255 255 255 2 255 255 255 1 6 11 7 3 5 10 14 13 9 0 16 15 12 8 4
255 3 7 15 8 255 255 11 16 12 255 255 6 10 4 255 1 2 14 0 255 5 9 13 255
255 255 255 9 13 255 255 1 5 14 255 255 2 6 10 0 255 15 11 16 4 8 12 7 3
14 10 16 3 15 13 6 11 7 12 9 2 255 255 8 5 1 255 255 4 255 255 255 255 0
5 9 1 255 255 15 12 8 255 255 14 13 4 0 255 10 6 2 255 255 16 11 7 3 255
7 11 16 12 4 3 6 10 15 8 255 2 14 255 0 255 1 13 255 255 255 5 9 255 255
255 255 255 255 255 255 1 5 9 2 255 255 7 11 6 4 0 3 16 10 8 12 15 13 14
255 1 3 7 13 255 5 9 11 14 255 255 0 6 10 255 255 4 2 16 255 255 8 12 15
255 255 255 255 255 13 9 5 1 255 14 15 12 8 255 10 6 2 4 0 16 11 7 3 255
16 10 11 3 255 15 14 6 7 255 12 13 2 255 255 8 0 9 255 255 4 1 5 255 255
255 255 255 255 255 1 255 255 255 2 5 3 7 11 6 0 9 13 14 10 4 8 12 15 16
255 8 12 3 7 255 4 15 16 11 255 0 255 10 6 255 255 1 14 2 255 255 5 13 9
15 16 10 14 13 7 11 6 5 9 3 12 2 1 255 4 8 255 255 255 0 255 255 255 255
14 16 12 4 255 13 10 15 8 0 2 6 1 255 255 9 11 5 255 255 3 7 255 255 255
255 255 255 255 255 0 4 8 12 15 255 13 14 10 16 255 9 5 6 11 255 1 3 2 7
255 15 16 11 7 255 12 10 6 2 255 8 14 5 3 255 4 13 9 1 255 0 255 255 255
255 1 3 7 13 255 5 9 11 14 255 255 0 6 10 255 255 4 2 16 255 255 8 12 15
255 0 4 8 12 13 14 10 16 15 9 5 6 11 7 255 1 2 255 3 255 255 255 255 255
6 10 16 15 12 11 14 7 3 8 2 13 9 5 4 255 255 255 1 0 255 255 255 255 255
255 255 255 255 255 2 255 255 255 1 6 11 7 3 5 10 14 13 9 0 16 15 12 8 4
255 3 7 15 8 255 255 11 16 12 255 255 6 10 4 255 1 2 14 0 255 5 9 13 255
255 255 255 9 13 255 255 1 5 14 255 255 2 6 10 0 255 15 11 16 4 8 12 7 3
14 10 16 3 15 13 6 11 7 12 9 2 255 255 8 5 1 255 255 4 255 255 255 255 0
5 9 1 255 255 15 12 8 255 255 14 13 4 0 255 10 6 2 255 255 16 11 7 3 255
7 11 16 12 4 3 6 10 15 8 255 2 14 255 0 255 1 13 255 255 255 5 9 255 255
255 255 255 255 255 255 1 5 9 2 255 255 7 11 6 4 0 3 16 10 8 12 15 13 14
255 1 3 7 13 255 5 9 11 14 255 255 0 6 10 255 255 4 2 16 255 255 8 12 15
255 255 255 255 255 13 9 5 1 255 14 15 12 8 255 10 6 2 4 0 16 11 7 3 255
16 10 11 3 255 15 14 6 7 255 12 13 2 255 255 8 0 9 255 255 4 1 5 255 255
255 255 255 255 255 1 255 255 255 2 5 3 7 11 6 0 9 13 14 10 4 8 12 15 16
255 8 12 3 7 255 4 15 16 11 255 0 255 10 6 255 255 1 14 2 255 255 5 13 9
15 16 10 14 13 7 11 6 5 9 3 12 2 1 255 4 8 255 255 255 0 255 255 255 255
14 16 12 4 255 13 10 15 8 0 2 6 1 255 255 9 11 5 255 255 3 7 255 255 255
255 255 255 255 255 0 4 8 12 15 255 13 14 10 16 255 9 5 6 11 255 1 3 2 7
255 15 16 11 7 255 12 10 6 2 255 8 14 5 3 255 4 13 9 1 255 0 255 255 255
255 255 255 255 255 15 12 8 255 255 7 3 4 0 255 11 6 2 1 5 16 10 14 13 9
255 1 3 7 13 255 5 9 11 14 255 255 0 6 10 255 255 4 2 16 255 255 8 12 15
255 0 4 8 12 13 14 10 16 15 9 5 6 11 7 255 1 2 255 3 255 255 255 255 255
6 10 16 15 12 11 14 7 3 8 2 13 9 5 4 255 255 255 1 0 255 255 255 255 255
255 255 255 255 255 2 255 255 255 1 6 11 7 3 5 10 14 13 9 0 16 15 12 8 4
255 3 7 15 8 255 255 11 16 12 255 255 6 10 4 255 1 2 14 0 255 5 9 13 255
255 255 255 9 13 255 255 1 5 14 255 255 2 6 10 0 255 15 11 16 4 8 12 7 3
14 10 16 3 15 13 6 11 7 12 9 2 255 255 8 5 1 255 255 4 255 255 255 255 0
5 9 1 255 255 15 12 8 255 255 14 13 4 0 255 10 6 2 255 255 16 11 7 3 255
7 11 16 12 4 3 6 10 15 8 255 2 14 255 0 255 1 13 255 255 255 5 9 255 255
255 255 255 255 255 255 1 5 9 2 255 255 7 11 6 4 0 3 16 10 8 12 15 13 14
255 1 3 7 13 255 5 9 11 14 255 255 0 6 10 255 255 4 2 16 255 255 8 12 15
255 255 255 255 255 13 9 5 1 255 14 15 12 8 255 10 6 2 4 0 16 11 7 3 255
255 255 255 255 255 12 8 4 0 255 15 16 10 14 13 7 11 6 5 9 3 255 2 1 255
16 6 15 8 0 10 11 2 12 4 14 7 255 255 255 13 3 1 255 255 9 255 5 255 255
255 255 255 255 255 255 255 8 12 15 255 0 4 3 7 5 1 2 6 11 9 13 14 10 16
255 9 13 14 10 255 5 2 6 16 255 1 15 11 7 255 255 12 8 3 255 255 255 4 0
15 12 8 4 0 16 10 14 13 255 11 6 5 9 255 7 2 1 255 255 3 255 255 255 255
255 12 15 16 10 255 8 2 6 14 255 4 255 11 13 255 0 255 7 9 255 255 1 3 5
255 255 255 255 255 255 255 0 4 8 5 1 255 15 12 13 14 10 16 3 9 2 6 11 7
12 15 7 3 255 8 16 11 255 255 4 10 6 2 255 0 14 5 1 255 255 13 9 255 255
10 14 13 9 255 16 6 2 5 255 7 11 15 1 255 3 8 12 255 255 0 4 255 255 255
2 6 10 14 255 255 11 16 13 255 255 7 15 9 255 255 3 12 5 255 0 4 8 1 255
255 255 255 255 255 255 255 1 5 9 4 0 255 2 13 12 15 11 6 14 8 3 7 16 10
16 11 7 3 255 10 6 2 4 0 14 15 12 8 255 13 9 5 1 255 255 255 255 255 255
255 255 255 255 255 2 9 5 1 255 6 11 7 255 255 10 16 3 0 4 14 13 15 12 8
3 7 13 5 255 255 11 14 9 1 0 6 10 255 255 4 2 16 255 255 8 12 15 255 255
255 255 255 255 255 255 5 9 13 14 255 1 2 6 10 0 255 15 11 16 4 8 12 7 3
255 12 15 16 10 255 8 2 6 14 255 4 0 11 13 255 255 255 7 3 255 255 1 5 9
255 255 255 255 255 5 1 255 255 255 9 2 0 4 8 13 6 11 7 12 14 10 16 3 15
7 15 3 255 255 11 16 12 255 255 6 10 8 255 255 2 14 4 1 255 9 13 0 5 255
255 9 13 14 10 255 5 2 6 16 255 1 15 11 7 255 255 12 8 3 255 255 255 4 0
255 8 12 14 10 255 4 15 13 16 255 0 9 2 6 255 255 5 1 11 255 255 255 3 7
255 255 255 255 255 12 8 4 0 255 15 16 10 14 13 7 11 6 5 9 3 255 2 1 255
16 6 15 8 0 10 11 2 12 4 14 7 255 255 255 13 3 1 255 255 9 255 5 255 255
255 255 255 255 255 255 255 8 12 15 255 0 4 3 7 5 1 2 6 11 9 13 14 10 16
255 9 13 14 10 255 5 2 6 16 255 1 15 11 7 255 255 12 8 3 255 255 255 4 0
15 12 8 4 0 16 10 14 13 255 11 6 5 9 255 7 2 1 255 255 3 255 255 255 255
255 12 15 16 10 255 8 2 6 14 255 4 255 11 13 255 0 255 7 9 255 255 1 3 5
255 255 255 255 255 255 255 0 4 8 5 1 255 15 12 13 14 10 16 3 9 2 6 11 7
12 15 7 3 255 8 16 11 255 255 4 10 6 2 255 0 14 5 1 255 255 13 9 255 255
10 14 13 9 255 16 6 2 5 255 7 11 15 1 255 3 8 12 255 255 0 4 255 255 255
2 6 10 14 255 255 11 16 13 255 255 7 15 9 255 255 3 12 5 255 0 4 8 1 255
255 255 255 255 255 255 255 1 5 9 4 0 255 2 13 12 15 11 6 14 8 3 7 16 10
16 11 7 3 255 10 6 2 4 0 14 15 12 8 255 13 9 5 1 255 255 255 255 255 255
14 10 16 3 15 13 6 11 7 12 9 2 255 255 8 5 1 255 255 4 255 255 255 255 0
5 9 1 255 255 15 12 8 255 255 14 13 4 0 255 10 6 2 255 255 16 11 7 3 255
7 11 16 12 4 3 6 10 15 8 255 2 14 255 0 255 1 13 255 255 255 5 9 255 255
255 255 255 255 255 255 1 5 9 2 255 255 7 11 6 4 0 3 16 10 8 12 15 13 14
255 1 3 7 13 255 5 9 11 14 255 255 0 6 10 255 255 4 2 16 255 255 8 12 15
255 255 255 255 255 13 9 5 1 255 14 15 12 8 255 10 6 2 4 0 16 11 7 3 255
16 10 11 3 255 15 14 6 7 255 12 13 2 255 255 8 0 9 255 255 4 1 5 255 255
255 255 255 255 255 1 255 255 255 2 5 3 7 11 6 0 9 13 14 10 4 8 12 15 16
255 8 12 3 7 255 4 15 16 11 255 0 255 10 6 255 255 1 14 2 255 255 5 13 9
15 16 10 14 13 7 11 6 5 9 3 12 2 1 255 4 8 255 255 255 0 255 255 255 255
14 16 12 4 255 13 10 15 8 0 2 6 1 255 255 9 11 5 255 255 3 7 255 255 255
255 255 255 255 255 0 4 8 12 15 255 13 14 10 16 255 9 5 6 11 255 1 3 2 7
255 15 16 11 7 255 12 10 6 2 255 8 14 5 3 255 4 13 9 1 255 0 255 255 255
255 255 255 255 255 15 12 8 255 255 7 3 4 0 255 11 6 2 1 5 16 10 14 13 9
255 1 3 7 13 255 5 9 11 14 255 255 0 6 10 255 255 4 2 16 255 255 8 12 15
255 0 4 8 12 13 14 10 16 15 9 5 6 11 7 255 1 2 255 3 255 255 255 255 255
6 10 16 15 12 11 14 7 3 8 2 13 9 5 4 255 255 255 1 0 255 255 255 255 255
255 255 255 255 255 2 255 255 255 1 6 11 7 3 5 10 14 13 9 0 16 15 12 8 4
255 3 7 15 8 255 255 11 16 12 255 255 6 10 4 255 1 2 14 0 255 5 9 13 255
255 255 255 9 13 255 255 1 5 14 255 255 2 6 10 0 255 15 11 16 4 8 12 7 3
14 10 16 3 15 13 6 11 7 12 9 2 255 255 8 5 1 255 255 4 255 255 255 255 0
5 9 1 255 255 15 12 8 255 255 14 13 4 0 255 10 6 2 255 255 16 11 7 3 255
7 11 16 12 4 3 6 10 15 8 255 2 14 255 0 255 1 13 255 255 255 5 9 255 255
255 255 255 255 255 255 1 5 9 2 255 255 7 11 6 4 0 3 16 10 8 12 15 13 14
255 1 3 7 13 255 5 9 11 14 255 255 0 6 10 255 255 4 2 16 255 255 8 12 15
255 255 255 255 255 13 9 5 1 255 14 15 12 8 255 10 6 2 4 0 16 11 7 3 255
16 10 11 3 255 15 14 6 7 255 12 13 2 255 255 8 0 9 255 255 4 1 5 255 255
255 255 255 255 255 1 255 255 255 2 5 3 7 11 6 0 9 13 14 10 4 8 12 15 16
255 8 12 3 7 255 4 15 16 11 255 0 255 10 6 255 255 1 14 2 255 255 5 13 9
15 16 10 14 13 7 11 6 5 9 3 12 2 1 255 4 8 255 255 255 0 255 255 255 255
14 16 12 4 255 13 10 15 8 0 2 6 1 255 255 9 11 5 255 255 3 7 255 255 255
255 255 255 255 255 0 4 8 12 15 255 13 14 10 16 255 9 5 6 11 255 1 3 2 7
5 9 1 255 255 15 12 8 255 255 14 13 4 0 255 10 6 2 255 255 16 11 7 3 255
7 11 16 12 4 3 6 10 15 8 255 2 14 255 0 255 1 13 255 255 255 5 9 255 255
255 255 255 255 255 255 1 5 9 2 255 255 7 11 6 4 0 3 16 10 8 12 15 13 14
255 1 3 7 13 255 5 9 11 14 255 255 0 6 10 255 255 4 2 16 255 255 8 12 15
255 255 255 255 255 13 9 5 1 255 14 15 12 8 255 10 6 2 4 0 16 11 7 3 255
16 10 11 3 255 15 14 6 7 255 12 13 2 255 255 8 0 9 255 255 4 1 5 255 255
255 255 255 255 255 1 255 255 255 2 5 3 7 11 6 0 9 13 14 10 4 8 12 15 16
255 8 12 3 7 255 4 15 16 11 255 0 255 10 6 255 255 1 14 2 255 255 5 13 9
15 16 10 14 13 7 11 6 5 9 3 12 2 1 255 4 8 255 255 255 0 255 255 255 255
14 16 12 4 255 13 10 15 8 0 2 6 1 255 255 9 11 5 255 255 3 7 255 255 255
255 255 255 255 255 0 4 8 12 15 255 13 14 10 16 255 9 5 6 11 255 1 3 2 7
255 15 16 11 7 255 12 10 6 2 255 8 14 5 3 255 4 13 9 1 255 0 255 255 255
255 255 255 255 255 15 12 8 255 255 7 3 4 0 255 11 6 2 1 5 16 10 14 13 9
255 1 3 7 13 255 5 9 11 14 255 255 0 6 10 255 255 4 2 16 255 255 8 12 15
255 0 4 8 12 13 14 10 16 15 9 5 6 11 7 255 1 2 255 3 255 255 255 255 255
6 10 16 15 12 11 14 7 3 8 2 13 9 5 4 255 255 255 1 0 255 255 255 255 255
255 255 255 255 255 2 255 255 255 1 6 11 7 3 5 10 14 13 9 0 16 15 12 8 4
255 3 7 15 8 255 255 11 16 12 255 255 6 10 4 255 1 2 14 0 255 5 9 13 255
255 255 255 9 13 255 255 1 5 14 255 255 2 6 10 0 255 15 11 16 4 8 12 7 3
14 10 16 3 15 13 6 11 7 12 9 2 255 255 8 5 1 255 255 4 255 255 255 255 0
5 9 1 255 255 15 12 8 255 255 14 13 4 0 255 10 6 2 255 255 16 11 7 3 255
7 11 16 12 4 3 6 10 15 8 255 2 14 255 0 255 1 13 255 255 255 5 9 255 255
255 255 255 255 255 255 1 5 9 2 255 255 7 11 6 4 0 3 16 10 8 12 15 13 14
255 1 3 7 13 255 5 9 11 14 255 255 0 6 10 255 255 4 2 16 255 255 8 12 15
255 255 255 255 255 13 9 5 1 255 14 15 12 8 255 10 6 2 4 0 16 11 7 3 255
16 10 11 3 255 15 14 6 7 255 12 13 2 255 255 8 0 9 255 255 4 1 5 255 255
255 255 255 255 255 1 255 255 255 2 5 3 7 11 6 0 9 13 14 10 4 8 12 15 16
255 8 12 3 7 255 4 15 16 11 255 0 255 10 6 255 255 1 14 2 255 255 5 13 9
15 16 10 14 13 7 11 6 5 9 3 12 2 1 255 4 8 255 255 255 0 255 255 255 255
14 16 12 4 255 13 10 15 8 0 2 6 1 255 255 9 11 5 255 255 3 7 255 255 255
255 255 255 255 255 0 4 8 12 15 255 13 14 10 16 255 9 5 6 11 255 1 3 2 7
255 15 16 11 7 255 12 10 6 2 255 8 14 5 3 255 4 13 9 1 255 0 255 255 255
5 15 14 10 16 9 12 13 6 11 1 8 4 2 7 255 255 0 255 3 255 255 255 255 255
255 255 255 255 255 15 12 8 4 0 16 10 14 13 255 11 6 5 9 255 7 2 3 1 255
255 15 7 11 16 255 12 3 6 10 255 8 255 2 14 255 4 255 1 13 255 0 255 5 9
255 255 255 255 255 255 255 0 4 8 5 1 255 15 12 9 2 6 11 7 13 14 10 16 3
255 13 14 10 16 255 9 15 6 11 255 5 12 2 7 255 1 8 4 3 255 255 255 0 255
6 11 2 7 255 10 14 13 3 255 16 5 9 255 255 15 1 255 255 255 12 8 4 0 255
255 15 16 10 11 255 12 7 14 6 255 8 3 13 2 255 4 255 9 255 255 0 1 5 255
255 255 255 255 255 255 255 255 1 5 8 4 0 2 9 12 7 11 6 13 15 3 16 10 14
15 7 3 4 0 16 11 12 8 255 10 6 2 255 255 14 5 1 255 255 13 9 255 255 255
14 13 9 5 255 10 6 2 1 255 16 11 15 255 255 3 7 12 255 255 0 4 8 255 255
6 10 14 9 255 11 16 13 5 255 2 7 15 1 255 255 3 12 255 255 0 4 8 255 255
255 255 1 9 5 255 255 8 12 15 255 0 4 13 14 255 255 2 6 10 255 3 7 11 16
255 15 7 11 16 255 12 3 6 10 255 8 4 2 14 255 255 0 1 13 255 255 255 5 9
255 255 255 255 255 1 5 255 255 255 3 9 0 4 8 7 11 6 2 12 13 14 10 16 15
7 13 3 5 255 11 14 9 1 255 6 10 0 255 255 2 16 4 255 255 12 15 8 255 255
255 255 2 11 6 255 255 13 14 10 255 255 9 7 16 255 1 5 3 15 255 0 4 8 12
255 2 6 10 16 255 255 11 14 15 255 255 7 13 12 255 255 3 9 8 255 1 5 0 4
255 255 255 255 255 8 4 0 255 255 12 15 255 1 5 3 16 10 14 13 7 11 6 2 9
7 11 3 255 255 16 6 15 255 255 10 2 12 1 255 14 9 8 5 255 13 0 4 255 255
255 13 14 10 16 255 9 15 6 11 255 5 12 2 7 255 1 8 4 3 255 255 255 0 255
5 15 14 10 16 9 12 13 6 11 1 8 4 2 7 255 255 0 255 3 255 255 255 255 255
255 255 255 255 255 15 12 8 4 0 16 10 14 13 255 11 6 5 9 255 7 2 3 1 255
255 15 7 11 16 255 12 3 6 10 255 8 255 2 14 255 4 255 1 13 255 0 255 5 9
255 255 255 255 255 255 255 0 4 8 5 1 255 15 12 9 2 6 11 7 13 14 10 16 3
255 13 14 10 16 255 9 15 6 11 255 5 12 2 7 255 1 8 4 3 255 255 255 0 255
6 11 2 7 255 10 14 13 3 255 16 5 9 255 255 15 1 255 255 255 12 8 4 0 255
255 15 16 10 11 255 12 7 14 6 255 8 3 13 2 255 4 255 9 255 255 0 1 5 255
255 255 255 255 255 255 255 255 1 5 8 4 0 2 9 12 7 11 6 13 15 3 16 10 14
15 7 3 4 0 16 11 12 8 255 10 6 2 255 255 14 5 1 255 255 13 9 255 255 255
14 13 9 5 255 10 6 2 1 255 16 11 15 255 255 3 7 12 255 255 0 4 8 255 255
6 10 14 9 255 11 16 13 5 255 2 7 15 1 255 255 3 12 255 255 0 4 8 255 255
255 255 1 9 5 255 255 8 12 15 255 0 4 13 14 255 255 2 6 10 255 3 7 11 16
15 16 10 14 13 7 11 6 5 9 3 12 2 1 255 4 8 255 255 255 0 255 255 255 255
14 16 12 4 255 13 10 15 8 0 2 6 1 255 255 9 11 5 255 255 3 7 255 255 255
255 255 255 255 255 0 4 8 12 15 255 13 14 10 16 255 9 5 6 11 255 1 3 2 7
255 15 16 11 7 255 12 10 6 2 255 8 14 5 3 255 4 13 9 1 255 0 255 255 255
255 255 255 255 255 15 12 8 255 255 7 3 4 0 255 11 6 2 1 5 16 10 14 13 9
255 1 3 7 13 255 5 9 11 14 255 255 0 6 10 255 255 4 2 16 255 255 8 12 15
255 0 4 8 12 13 14 10 16 15 9 5 6 11 7 255 1 2 255 3 255 255 255 255 255
6 10 16 15 12 11 14 7 3 8 2 13 9 5 4 255 255 255 1 0 255 255 255 255 255
255 255 255 255 255 2 255 255 255 1 6 11 7 3 5 10 14 13 9 0 16 15 12 8 4
255 3 7 15 8 255 255 11 16 12 255 255 6 10 4 255 1 2 14 0 255 5 9 13 255
255 255 255 9 13 255 255 1 5 14 255 255 2 6 10 0 255 15 11 16 4 8 12 7 3
14 10 16 3 15 13 6 11 7 12 9 2 255 255 8 5 1 255 255 4 255 255 255 255 0
5 9 1 255 255 15 12 8 255 255 14 13 4 0 255 10 6 2 255 255 16 11 7 3 255
7 11 16 12 4 3 6 10 15 8 255 2 14 255 0 255 1 13 255 255 255 5 9 255 255
255 255 255 255 255 255 1 5 9 2 255 255 7 11 6 4 0 3 16 10 8 12 15 13 14
255 1 3 7 13 255 5 9 11 14 255 255 0 6 10 255 255 4 2 16 255 255 8 12 15
255 255 255 255 255 13 9 5 1 255 14 15 12 8 255 10 6 2 4 0 16 11 7 3 255
16 10 11 3 255 15 14 6 7 255 12 13 2 255 255 8 0 9 255 255 4 1 5 255 255
255 255 255 255 255 1 255 255 255 2 5 3 7 11 6 0 9 13 14 10 4 8 12 15 16
255 8 12 3 7 255 4 15 16 11 255 0 255 10 6 255 255 1 14 2 255 255 5 13 9
15 16 10 14 13 7 11 6 5 9 3 12 2 1 255 4 8 255 255 255 0 255 255 255 255
14 16 12 4 255 13 10 15 8 0 2 6 1 255 255 9 11 5 255 255 3 7 255 255 255
255 255 255 255 255 0 4 8 12 15 255 13 14 10 16 255 9 5 6 11 255 1 3 2 7
255 15 16 11 7 255 12 10 6 2 255 8 14 5 3 255 4 13 9 1 255 0 255 255 255
255 255 255 255 255 15 12 8 255 255 7 3 4 0 255 11 6 2 1 5 16 10 14 13 9
255 1 3 7 13 255 5 9 11 14 255 255 0 6 10 255 255 4 2 16 255 255 8 12 15
255 0 4 8 12 13 14 10 16 15 9 5 6 11 7 255 1 2 255 3 255 255 255 255 255
6 10 16 15 12 11 14 7 3 8 2 13 9 5 4 255 255 255 1 0 255 255 255 255 255
255 255 255 255 255 2 255 255 255 1 6 11 7 3 5 10 14 13 9 0 16 15 12 8 4
255 3 7 15 8 255 255 11 16 12 255 255 6 10 4 255 1 2 14 0 255 5 9 13 255
255 255 255 9 13 255 255 1 5 14 255 255 2 6 10 0 255 15 11 16 4 8 12 7 3
14 10 16 3 15 13 6 11 7 12 9 2 255 255 8 5 1 255 255 4 255 255 255 255 0
7 11 3 255 255 16 6 15 255 255 10 2 12 1 255 14 9 8 5 255 13 0 4 255 255
255 13 14 10 16 255 9 15 6 11 255 5 12 2 7 255 1 8 4 3 255 255 255 0 255
5 15 14 10 16 9 12 13 6 11 1 8 4 2 7 255 255 0 255 3 255 255 255 255 255
255 255 255 255 255 15 12 8 4 0 16 10 14 13 255 11 6 5 9 255 7 2 3 1 255
255 15 7 11 16 255 12 3 6 10 255 8 255 2 14 255 4 255 1 13 255 0 255 5 9
255 255 255 255 255 255 255 0 4 8 5 1 255 15 12 9 2 6 11 7 13 14 10 16 3
255 13 14 10 16 255 9 15 6 11 255 5 12 2 7 255 1 8 4 3 255 255 255 0 255
6 11 2 7 255 10 14 13 3 255 16 5 9 255 255 15 1 255 255 255 12 8 4 0 255
255 15 16 10 11 255 12 7 14 6 255 8 3 13 2 255 4 255 9 255 255 0 1 5 255
255 255 255 255 255 255 255 255 1 5 8 4 0 2 9 12 7 11 6 13 15 3 16 10 14
15 7 3 4 0 16 11 12 8 255 10 6 2 255 255 14 5 1 255 255 13 9 255 255 255
14 13 9 5 255 10 6 2 1 255 16 11 15 255 255 3 7 12 255 255 0 4 8 255 255
6 10 14 9 255 11 16 13 5 255 2 7 15 1 255 255 3 12 255 255 0 4 8 255 255
255 255 1 9 5 255 255 8 12 15 255 0 4 13 14 255 255 2 6 10 255 3 7 11 16
255 15 7 11 16 255 12 3 6 10 255 8 4 2 14 255 255 0 1 13 255 255 255 5 9
255 255 255 255 255 1 5 255 255 255 3 9 0 4 8 7 11 6 2 12 13 14 10 16 15
7 13 3 5 255 11 14 9 1 255 6 10 0 255 255 2 16 4 255 255 12 15 8 255 255
255 255 2 11 6 255 255 13 14 10 255 255 9 7 16 255 1 5 3 15 255 0 4 8 12
255 2 6 10 16 255 255 11 14 15 255 255 7 13 12 255 255 3 9 8 255 1 5 0 4
255 255 255 255 255 8 4 0 255 255 12 15 255 1 5 3 16 10 14 13 7 11 6 2 9
7 11 3 255 255 16 6 15 255 255 10 2 12 1 255 14 9 8 5 255 13 0 4 255 255
255 13 14 10 16 255 9 15 6 11 255 5 12 2 7 255 1 8 4 3 255 255 255 0 255
5 15 14 10 16 9 12 13 6 11 1 8 4 2 7 255 255 0 255 3 255 255 255 255 255
255 255 255 255 255 15 12 8 4 0 16 10 14 13 255 11 6 5 9 255 7 2 3 1 255
255 15 7 11 16 255 12 3 6 10 255 8 255 2 14 255 4 255 1 13 255 0 255 5 9
255 255 255 255 255 255 255 0 4 8 5 1 255 15 12 9 2 6 11 7 13 14 10 16 3
255 13 14 10 16 255 9 15 6 11 255 5 12 2 7 255 1 8 4 3 255 255 255 0 255
6 11 2 7 255 10 14 13 3 255 16 5 9 255 255 15 1 255 255 255 12 8 4 0 255
255 15 16 10 11 255 12 7 14 6 255 8 3 13 2 255 4 255 9 255 255 0 1 5 255
255 255 255 255 255 255 255 255 1 5 8 4 0 2 9 12 7 11 6 13 15 3 16 10 14
15 7 3 4 0 16 11 12 8 255 10 6 2 255 255 14 5 1 255 255 13 9 255 255 255
14 13 9 5 255 10 6 2 1 255 16 11 15 255 255 3 7 12 255 255 0 4 8 255 255
255 13 14 10 16 255 9 15 6 11 255 5 12 2 7 255 1 8 4 3 255 255 255 0 255
6 11 2 7 255 10 14 13 3 255 16 5 9 255 255 15 1 255 255 255 12 8 4 0 255
255 15 16 10 11 255 12 7 14 6 255 8 3 13 2 255 4 255 9 255 255 0 1 5 255
255 255 255 255 255 255 255 255 1 5 8 4 0 2 9 12 7 11 6 13 15 3 16 10 14
15 7 3 4 0 16 11 12 8 255 10 6 2 255 255 14 5 1 255 255 13 9 255 255 255
14 13 9 5 255 10 6 2 1 255 16 11 15 255 255 3 7 12 255 255 0 4 8 255 255
6 10 14 9 255 11 16 13 5 255 2 7 15 1 255 255 3 12 255 255 0 4 8 255 255
255 255 1 9 5 255 255 8 12 15 255 0 4 13 14 255 255 2 6 10 255 3 7 11 16
255 15 7 11 16 255 12 3 6 10 255 8 4 2 14 255 255 0 1 13 255 255 255 5 9
255 255 255 255 255 1 5 255 255 255 3 9 0 4 8 7 11 6 2 12 13 14 10 16 15
7 13 3 5 255 11 14 9 1 255 6 10 0 255 255 2 16 4 255 255 12 15 8 255 255
255 255 2 11 6 255 255 13 14 10 255 255 9 7 16 255 1 5 3 15 255 0 4 8 12
255 2 6 10 16 255 255 11 14 15 255 255 7 13 12 255 255 3 9 8 255 1 5 0 4
255 255 255 255 255 8 4 0 255 255 12 15 255 1 5 3 16 10 14 13 7 11 6 2 9
7 11 3 255 255 16 6 15 255 255 10 2 12 1 255 14 9 8 5 255 13 0 4 255 255
255 13 14 10 16 255 9 15 6 11 255 5 12 2 7 255 1 8 4 3 255 255 255 0 255
5 15 14 10 16 9 12 13 6 11 1 8 4 2 7 255 255 0 255 3 255 255 255 255 255
255 255 255 255 255 15 12 8 4 0 16 10 14 13 255 11 6 5 9 255 7 2 3 1 255
255 15 7 11 16 255 12 3 6 10 255 8 255 2 14 255 4 255 1 13 255 0 255 5 9
255 255 255 255 255 255 255 0 4 8 5 1 255 15 12 9 2 6 11 7 13 14 10 16 3
255 13 14 10 16 255 9 15 6 11 255 5 12 2 7 255 1 8 4 3 255 255 255 0 255
6 11 2 7 255 10 14 13 3 255 16 5 9 255 255 15 1 255 255 255 12 8 4 0 255
255 15 16 10 11 255 12 7 14 6 255 8 3 13 2 255 4 255 9 255 255 0 1 5 255
255 255 255 255 255 255 255 255 1 5 8 4 0 2 9 12 7 11 6 13 15 3 16 10 14
15 7 3 4 0 16 11 12 8 255 10 6 2 255 255 14 5 1 255 255 13 9 255 255 255
14 13 9 5 255 10 6 2 1 255 16 11 15 255 255 3 7 12 255 255 0 4 8 255 255
6 10 14 9 255 11 16 13 5 255 2 7 15 1 255 255 3 12 255 255 0 4 8 255 255
255 255 1 9 5 255 255 8 12 15 255 0 4 13 14 255 255 2 6 10 255 3 7 11 16
255 15 7 11 16 255 12 3 6 10 255 8 4 2 14 255 255 0 1 13 255 255 255 5 9
255 255 255 255 255 1 5 255 255 255 3 9 0 4 8 7 11 6 2 12 13 14 10 16 15
7 13 3 5 255 11 14 9 1 255 6 10 0 255 255 2 16 4 255 255 12 15 8 255 255
255 255 2 11 6 255 255 13 14 10 255 255 9 7 16 255 1 5 3 15 255 0 4 8 12
3 7 15 8 0 255 11 16 12 4 255 6 10 255 255 1 2 14 255 255 5 9 13 255 255
255 5 9 13 14 255 1 2 6 10 255 255 255 11 16 255 255 255 7 3 0 4 8 12 15
255 2 6 10 14 255 9 11 16 13 255 5 7 3 15 255 1 255 0 12 255 255 255 4 8
255 255 255 255 255 9 5 1 255 255 13 2 255 0 4 14 6 11 15 12 10 16 7 3 8
11 16 7 15 255 6 10 3 12 255 2 14 255 8 255 1 13 255 4 255 5 9 255 0 255
255 255 255 255 255 255 255 4 8 12 1 255 0 2 15 5 7 11 6 16 9 3 13 14 10
255 5 9 13 14 255 1 2 6 10 255 255 0 11 16 255 255 4 7 3 255 255 8 12 15
12 8 4 0 255 15 16 10 14 13 7 11 6 5 9 3 255 2 1 255 255 255 255 255 255
10 2 6 1 255 14 16 11 5 255 13 15 7 9 255 0 12 3 255 255 4 8 255 255 255
255 255 255 255 255 255 255 8 12 15 255 0 4 3 7 1 13 14 10 16 5 9 2 6 11
255 12 15 7 3 255 8 16 11 255 255 4 10 6 2 255 0 14 5 1 255 255 13 9 255
16 10 14 13 255 11 6 15 9 255 7 2 12 5 255 3 4 8 1 255 255 0 255 255 255
255 2 6 10 14 255 255 11 16 13 255 255 7 15 9 255 255 3 12 5 255 0 4 8 1
255 255 255 255 255 255 0 4 8 12 13 14 10 16 15 9 5 6 11 7 255 1 2 255 3
15 16 11 7 3 12 10 6 2 255 8 14 5 1 255 4 13 9 255 255 0 255 255 255 255
255 255 255 255 255 12 8 4 255 255 15 2 0 255 1 16 6 11 7 5 10 14 13 3 9
255 3 7 13 5 255 255 11 14 9 255 0 6 10 1 255 4 2 16 255 255 8 12 15 255
255 255 255 255 255 255 1 5 9 13 255 8 12 15 14 0 4 2 6 10 255 3 7 11 16
10 16 7 3 8 14 6 11 15 12 13 2 255 255 4 9 5 1 255 0 255 255 255 255 255
255 255 255 255 255 8 4 0 255 255 12 15 9 5 255 14 13 2 1 3 10 16 6 11 7
3 7 15 8 0 255 11 16 12 4 255 6 10 255 255 1 2 14 255 255 5 9 13 255 255
255 5 9 13 14 255 1 2 6 10 255 255 255 11 16 255 255 255 7 3 0 4 8 12 15
255 2 6 10 14 255 9 11 16 13 255 5 7 3 15 255 1 255 0 12 255 255 255 4 8
255 255 255 255 255 9 5 1 255 255 13 2 255 0 4 14 6 11 15 12 10 16 7 3 8
11 16 7 15 255 6 10 3 12 255 2 14 255 8 255 1 13 255 4 255 5 9 255 0 255
255 255 255 255 255 255 255 4 8 12 1 255 0 2 15 5 7 11 6 16 9 3 13 14 10
255 5 9 13 14 255 1 2 6 10 255 255 0 11 16 255 255 4 7 3 255 255 8 12 15
12 8 4 0 255 15 16 10 14 13 7 11 6 5 9 3 255 2 1 255 255 255 255 255 255
10 2 6 1 255 14 16 11 5 255 13 15 7 9 255 0 12 3 255 255 4 8 255 255 255
255 255 255 255 255 255 255 8 12 15 255 0 4 3 7 1 13 14 10 16 5 9 2 6 11
255 12 15 7 3 255 8 16 11 255 255 4 10 6 2 255 0 14 5 1 255 255 13 9 255
16 10 14 13 255 11 6 15 9 255 7 2 12 5 255 3 4 8 1 255 255 0 255 255 255
255 2 6 10 14 255 255 11 16 13 255 255 7 15 9 255 255 3 12 5 255 0 4 8 1
255 255 255 255 255 255 0 4 8 12 13 14 10 16 15 9 5 6 11 7 255 1 2 255 3
15 16 11 7 3 12 10 6 2 255 8 14 5 1 255 4 13 9 255 255 0 255 255 255 255
255 255 255 255 255 12 8 4 255 255 15 2 0 255 1 16 6 11 7 5 10 14 13 3 9
255 3 7 13 5 255 255 11 14 9 255 0 6 10 1 255 4 2 16 255 255 8 12 15 255
255 255 255 255 255 255 1 5 9 13 255 8 12 15 14 0 4 2 6 10 255 3 7 11 16
10 16 7 3 8 14 6 11 15 12 13 2 255 255 4 9 5 1 255 0 255 255 255 255 255
255 255 255 255 255 8 4 0 255 255 12 15 9 5 255 14 13 2 1 3 10 16 6 11 7
3 7 15 8 0 255 11 16 12 4 255 6 10 255 255 1 2 14 255 255 5 9 13 255 255
255 5 9 13 14 255 1 2 6 10 255 255 255 11 16 255 255 255 7 3 0 4 8 12 15
255 2 6 10 14 255 9 11 16 13 255 5 7 3 15 255 1 255 0 12 255 255 255 4 8
255 255 255 255 255 9 5 1 255 255 13 2 255 0 4 14 6 11 15 12 10 16 7 3 8
11 16 7 15 255 6 10 3 12 255 2 14 255 8 255 1 13 255 4 255 5 9 255 0 255
255 255 255 255 255 255 255 4 8 12 1 255 0 2 15 5 7 11 6 16 9 3 13 14 10
255 5 9 13 14 255 1 2 6 10 255 255 0 11 16 255 255 4 7 3 255 255 8 12 15
12 8 4 0 255 15 16 10 14 13 7 11 6 5 9 3 255 2 1 255 255 255 255 255 255
10 2 6 1 255 14 16 11 5 255 13 15 7 9 255 0 12 3 255 255 4 8 255 255 255
255 255 255 255 255 255 255 8 12 15 255 0 4 3 7 1 13 14 10 16 5 9 2 6 11
255 12 15 7 3 255 8 16 11 255 255 4 10 6 2 255 0 14 5 1 255 255 13 9 255
16 10 14 13 255 11 6 15 9 255 7 2 12 5 255 3 4 8 1 255 255 0 255 255 255
255 2 6 10 14 255 255 11 16 13 255 255 7 15 9 255 255 3 12 5 255 0 4 8 1
255 255 255 255 255 255 0 4 8 12 13 14 10 16 15 9 5 6 11 7 255 1 2 255 3
15 16 11 7 3 12 10 6 2 255 8 14 5 1 255 4 13 9 255 255 0 255 255 255 255
255 255 255 255 255 12 8 4 255 255 15 2 0 255 1 16 6 11 7 5 10 14 13 3 9
255 3 7 13 5 255 255 11 14 9 255 0 6 10 1 255 4 2 16 255 255 8 12 15 255
255 255 255 255 255 255 1 5 9 13 255 8 12 15 14 0 4 2 6 10 255 3 7 11 16
10 16 7 3 8 14 6 11 15 12 13 2 255 255 4 9 5 1 255 0 255 255 255 255 255
255 255 255 255 255 8 4 0 255 255 12 15 9 5 255 14 13 2 1 3 10 16 6 11 7
3 7 15 8 0 255 11 16 12 4 255 6 10 255 255 1 2 14 255 255 5 9 13 255 255
255 5 9 13 14 255 1 2 6 10 255 255 255 11 16 255 255 255 7 3 0 4 8 12 15
255 2 6 10 14 255 9 11 16 13 255 5 7 3 15 255 1 255 0 12 255 255 255 4 8
255 255 255 255 255 9 5 1 255 255 13 2 255 0 4 14 6 11 15 12 10 16 7 3 8
255 13 14 10 16 255 9 15 6 11 255 5 12 2 7 255 1 8 4 3 255 255 255 0 255
6 11 2 7 255 10 14 13 3 255 16 5 9 255 255 15 1 255 255 255 12 8 4 0 255
255 15 16 10 11 255 12 7 14 6 255 8 3 13 2 255 4 255 9 255 255 0 1 5 255
255 255 255 255 255 255 255 255 1 5 8 4 0 2 9 12 7 11 6 13 15 3 16 10 14
15 7 3 4 0 16 11 12 8 255 10 6 2 255 255 14 5 1 255 255 13 9 255 255 255
14 13 9 5 255 10 6 2 1 255 16 11 15 255 255 3 7 12 255 255 0 4 8 255 255
6 10 14 9 255 11 16 13 5 255 2 7 15 1 255 255 3 12 255 255 0 4 8 255 255
255 255 1 9 5 255 255 8 12 15 255 0 4 13 14 255 255 2 6 10 255 3 7 11 16
255 15 7 11 16 255 12 3 6 10 255 8 4 2 14 255 255 0 1 13 255 255 255 5 9
255 255 255 255 255 1 5 255 255 255 3 9 0 4 8 7 11 6 2 12 13 14 10 16 15
7 13 3 5 255 11 14 9 1 255 6 10 0 255 255 2 16 4 255 255 12 15 8 255 255
255 255 2 11 6 255 255 13 14 10 255 255 9 7 16 255 1 5 3 15 255 0 4 8 12
255 2 6 10 16 255 255 11 14 15 255 255 7 13 12 255 255 3 9 8 255 1 5 0 4
255 255 255 255 255 8 4 0 255 255 12 15 255 1 5 3 16 10 14 13 7 11 6 2 9
7 11 3 255 255 16 6 15 255 255 10 2 12 1 255 14 9 8 5 255 13 0 4 255 255
255 13 14 10 16 255 9 15 6 11 255 5 12 2 7 255 1 8 4 3 255 255 255 0 255
5 15 14 10 16 9 12 13 6 11 1 8 4 2 7 255 255 0 255 3 255 255 255 255 255
255 255 255 255 255 15 12 8 4 0 16 10 14 13 255 11 6 5 9 255 7 2 3 1 255
255 15 7 11 16 255 12 3 6 10 255 8 255 2 14 255 4 255 1 13 255 0 255 5 9
255 255 255 255 255 255 255 0 4 8 5 1 255 15 12 9 2 6 11 7 13 14 10 16 3
255 13 14 10 16 255 9 15 6 11 255 5 12 2 7 255 1 8 4 3 255 255 255 0 255
6 11 2 7 255 10 14 13 3 255 16 5 9 255 255 15 1 255 255 255 12 8 4 0 255
255 15 16 10 11 255 12 7 14 6 255 8 3 13 2 255 4 255 9 255 255 0 1 5 255
255 255 255 255 255 255 255 255 1 5 8 4 0 2 9 12 7 11 6 13 15 3 16 10 14
15 7 3 4 0 16 11 12 8 255 10 6 2 255 255 14 5 1 255 255 13 9 255 255 255
14 13 9 5 255 10 6 2 1 255 16 11 15 255 255 3 7 12 255 255 0 4 8 255 255
6 10 14 9 255 11 16 13 5 255 2 7 15 1 255 255 3 12 255 255 0 4 8 255 255
255 255 1 9 5 255 255 8 12 15 255 0 4 13 14 255 255 2 6 10 255 3 7 11 16
255 15 7 11 16 255 12 3 6 10 255 8 4 2 14 255 255 0 1 13 255 255 255 5 9
255 255 255 255 255 1 5 255 255 255 3 9 0 4 8 7 11 6 2 12 13 14 10 16 15
7 13 3 5 255 11 14 9 1 255 6 10 0 255 255 2 16 4 255 255 12 15 8 255 255
255 255 2 11 6 255 255 13 14 10 255 255 9 7 16 255 1 5 3 15 255 0 4 8 12
255 255 255 255 255 14 13 9 5 255 10 6 2 1 255 16 11 15 255 0 3 7 12 8 4
255 16 10 11 3 255 15 14 6 7 255 12 13 2 255 255 8 9 1 255 0 4 5 255 255
255 255 255 255 255 255 255 0 4 8 255 5 9 15 12 3 1 2 13 14 7 11 6 16 10
255 8 12 7 3 255 4 15 11 16 255 0 255 6 10 255 255 1 2 14 255 255 5 9 13
13 9 255 255 255 14 5 1 255 255 10 6 2 255 255 16 11 15 255 0 3 7 12 8 4
10 14 6 9 1 16 13 11 2 5 15 0 7 255 255 12 4 3 255 255 8 255 255 255 255
255 255 255 255 2 255 3 7 11 6 255 255 13 14 10 255 1 9 5 16 0 4 8 12 15
255 15 7 16 11 255 12 3 10 6 255 8 4 14 2 255 255 0 13 9 255 255 255 1 5
255 255 255 255 255 8 4 0 255 255 12 15 255 1 5 7 11 6 2 9 3 16 10 14 13
13 11 3 9 255 14 6 7 5 255 10 2 0 1 255 16 12 4 255 255 15 8 255 255 255
0 4 8 12 15 255 13 14 10 16 255 9 5 6 11 255 255 1 2 7 255 255 255 255 3
2 6 10 16 15 255 11 14 5 12 255 7 13 9 8 255 3 255 1 4 255 255 255 255 0
255 255 255 255 255 15 12 8 255 255 7 3 4 0 255 16 10 14 13 1 11 6 2 9 5
255 255 3 7 15 255 255 12 11 16 255 255 8 6 10 255 1 4 2 14 255 5 0 9 13
13 14 10 16 15 9 5 6 11 7 255 1 2 12 3 255 255 255 8 4 255 255 255 255 0
255 14 10 16 3 255 13 6 11 7 255 9 2 15 12 255 5 1 255 8 255 255 255 0 4
2 255 255 255 255 6 11 7 3 255 10 14 13 255 255 16 5 9 1 255 15 12 8 4 0
255 7 11 16 12 255 3 6 10 15 255 255 2 14 8 255 255 1 13 4 255 255 5 9 0
255 255 255 255 255 255 255 255 5 1 8 4 0 9 3 12 2 6 11 7 15 16 10 14 13
13 14 10 16 3 9 5 6 11 7 255 1 2 15 12 255 255 255 255 8 255 255 255 0 4
255 255 255 255 255 14 13 9 5 255 10 6 2 1 255 16 11 15 255 0 3 7 12 8 4
255 16 10 11 3 255 15 14 6 7 255 12 13 2 255 255 8 9 1 255 0 4 5 255 255
255 255 255 255 255 255 255 0 4 8 255 5 9 15 12 3 1 2 13 14 7 11 6 16 10
255 8 12 7 3 255 4 15 11 16 255 0 255 6 10 255 255 1 2 14 255 255 5 9 13
13 9 255 255 255 14 5 1 255 255 10 6 2 255 255 16 11 15 255 0 3 7 12 8 4
10 14 6 9 1 16 13 11 2 5 15 0 7 255 255 12 4 3 255 255 8 255 255 255 255
255 255 255 255 2 255 3 7 11 6 255 255 13 14 10 255 1 9 5 16 0 4 8 12 15
255 15 7 16 11 255 12 3 10 6 255 8 4 14 2 255 255 0 13 9 255 255 255 1 5
255 255 255 255 255 8 4 0 255 255 12 15 255 1 5 7 11 6 2 9 3 16 10 14 13
13 11 3 9 255 14 6 7 5 255 10 2 0 1 255 16 12 4 255 255 15 8 255 255 255
0 4 8 12 15 255 13 14 10 16 255 9 5 6 11 255 255 1 2 7 255 255 255 255 3
2 6 10 16 15 255 11 14 5 12 255 7 13 9 8 255 3 255 1 4 255 255 255 255 0
255 255 255 255 255 8 4 0 255 255 12 15 255 1 5 7 11 6 2 9 3 16 10 14 13
13 11 3 9 255 14 6 7 5 255 10 2 0 1 255 16 12 4 255 255 15 8 255 255 255
0 4 8 12 15 255 13 14 10 16 255 9 5 6 11 255 255 1 2 7 255 255 255 255 3
2 6 10 16 15 255 11 14 5 12 255 7 13 9 8 255 3 255 1 4 255 255 255 255 0
255 255 255 255 255 15 12 8 255 255 7 3 4 0 255 16 10 14 13 1 11 6 2 9 5
255 255 3 7 15 255 255 12 11 16 255 255 8 6 10 255 1 4 2 14 255 5 0 9 13
13 14 10 16 15 9 5 6 11 7 255 1 2 12 3 255 255 255 8 4 255 255 255 255 0
255 14 10 16 3 255 13 6 11 7 255 9 2 15 12 255 5 1 255 8 255 255 255 0 4
2 255 255 255 255 6 11 7 3 255 10 14 13 255 255 16 5 9 1 255 15 12 8 4 0
255 7 11 16 12 255 3 6 10 15 255 255 2 14 8 255 255 1 13 4 255 255 5 9 0
255 255 255 255 255 255 255 255 5 1 8 4 0 9 3 12 2 6 11 7 15 16 10 14 13
13 14 10 16 3 9 5 6 11 7 255 1 2 15 12 255 255 255 255 8 255 255 255 0 4
255 255 255 255 255 14 13 9 5 255 10 6 2 1 255 16 11 15 255 0 3 7 12 8 4
255 16 10 11 3 255 15 14 6 7 255 12 13 2 255 255 8 9 1 255 0 4 5 255 255
255 255 255 255 255 255 255 0 4 8 255 5 9 15 12 3 1 2 13 14 7 11 6 16 10
255 8 12 7 3 255 4 15 11 16 255 0 255 6 10 255 255 1 2 14 255 255 5 9 13
13 9 255 255 255 14 5 1 255 255 10 6 2 255 255 16 11 15 255 0 3 7 12 8 4
10 14 6 9 1 16 13 11 2 5 15 0 7 255 255 12 4 3 255 255 8 255 255 255 255
255 255 255 255 2 255 3 7 11 6 255 255 13 14 10 255 1 9 5 16 0 4 8 12 15
255 15 7 16 11 255 12 3 10 6 255 8 4 14 2 255 255 0 13 9 255 255 255 1 5
255 255 255 255 255 8 4 0 255 255 12 15 255 1 5 7 11 6 2 9 3 16 10 14 13
13 11 3 9 255 14 6 7 5 255 10 2 0 1 255 16 12 4 255 255 15 8 255 255 255
0 4 8 12 15 255 13 14 10 16 255 9 5 6 11 255 255 1 2 7 255 255 255 255 3
2 6 10 16 15 255 11 14 5 12 255 7 13 9 8 255 3 255 1 4 255 255 255 255 0
255 255 255 255 255 15 12 8 255 255 7 3 4 0 255 16 10 14 13 1 11 6 2 9 5
255 255 3 7 15 255 255 12 11 16 255 255 8 6 10 255 1 4 2 14 255 5 0 9 13
13 14 10 16 15 9 5 6 11 7 255 1 2 12 3 255 255 255 8 4 255 255 255 255 0
255 14 10 16 3 255 13 6 11 7 255 9 2 15 12 255 5 1 255 8 255 255 255 0 4
2 255 255 255 255 6 11 7 3 255 10 14 13 255 255 16 5 9 1 255 15 12 8 4 0
255 7 11 16 12 255 3 6 10 15 255 255 2 14 8 255 255 1 13 4 255 255 5 9 0
255 255 255 255 255 255 255 255 5 1 8 4 0 9 3 12 2 6 11 7 15 16 10 14 13
13 14 10 16 3 9 5 6 11 7 255 1 2 15 12 255 255 255 255 8 255 255 255 0 4
10 14 6 9 1 16 13 11 2 5 15 0 7 255 255 12 4 3 255 255 8 255 255 255 255
255 255 255 255 2 255 3 7 11 6 255 255 13 14 10 255 1 9 5 16 0 4 8 12 15
255 15 7 16 11 255 12 3 10 6 255 8 4 14 2 255 255 0 13 9 255 255 255 1 5
255 255 255 255 255 8 4 0 255 255 12 15 255 1 5 7 11 6 2 9 3 16 10 14 13
13 11 3 9 255 14 6 7 5 255 10 2 0 1 255 16 12 4 255 255 15 8 255 255 255
0 4 8 12 15 255 13 14 10 16 255 9 5 6 11 255 255 1 2 7 255 255 255 255 3
2 6 10 16 15 255 11 14 5 12 255 7 13 9 8 255 3 255 1 4 255 255 255 255 0
255 255 255 255 255 15 12 8 255 255 7 3 4 0 255 16 10 14 13 1 11 6 2 9 5
255 255 3 7 15 255 255 12 11 16 255 255 8 6 10 255 1 4 2 14 255 5 0 9 13
13 14 10 16 15 9 5 6 11 7 255 1 2 12 3 255 255 255 8 4 255 255 255 255 0
255 14 10 16 3 255 13 6 11 7 255 9 2 15 12 255 5 1 255 8 255 255 255 0 4
2 255 255 255 255 6 11 7 3 255 10 14 13 255 255 16 5 9 1 255 15 12 8 4 0
255 7 11 16 12 255 3 6 10 15 255 255 2 14 8 255 255 1 13 4 255 255 5 9 0
255 255 255 255 255 255 255 255 5 1 8 4 0 9 3 12 2 6 11 7 15 16 10 14 13
13 14 10 16 3 9 5 6 11 7 255 1 2 15 12 255 255 255 255 8 255 255 255 0 4
255 255 255 255 255 14 13 9 5 255 10 6 2 1 255 16 11 15 255 0 3 7 12 8 4
255 16 10 11 3 255 15 14 6 7 255 12 13 2 255 255 8 9 1 255 0 4 5 255 255
255 255 255 255 255 255 255 0 4 8 255 5 9 15 12 3 1 2 13 14 7 11 6 16 10
255 8 12 7 3 255 4 15 11 16 255 0 255 6 10 255 255 1 2 14 255 255 5 9 13
13 9 255 255 255 14 5 1 255 255 10 6 2 255 255 16 11 15 255 0 3 7 12 8 4
10 14 6 9 1 16 13 11 2 5 15 0 7 255 255 12 4 3 255 255 8 255 255 255 255
255 255 255 255 2 255 3 7 11 6 255 255 13 14 10 255 1 9 5 16 0 4 8 12 15
255 15 7 16 11 255 12 3 10 6 255 8 4 14 2 255 255 0 13 9 255 255 255 1 5
255 255 255 255 255 8 4 0 255 255 12 15 255 1 5 7 11 6 2 9 3 16 10 14 13
13 11 3 9 255 14 6 7 5 255 10 2 0 1 255 16 12 4 255 255 15 8 255 255 255
0 4 8 12 15 255 13 14 10 16 255 9 5 6 11 255 255 1 2 7 255 255 255 255 3
2 6 10 16 15 255 11 14 5 12 255 7 13 9 8 255 3 255 1 4 255 255 255 255 0
255 255 255 255 255 15 12 8 255 255 7 3 4 0 255 16 10 14 13 1 11 6 2 9 5
255 255 3 7 15 255 255 12 11 16 255 255 8 6 10 255 1 4 2 14 255 5 0 9 13
13 14 10 16 15 9 5 6 11 7 255 1 2 12 3 255 255 255 8 4 255 255 255 255 0
255 14 10 16 3 255 13 6 11 7 255 9 2 15 12 255 5 1 255 8 255 255 255 0 4
2 255 255 255 255 6 11 7 3 255 10 14 13 255 255 16 5 9 1 255 15 12 8 4 0
255 255 255 255 255 255 255 0 4 8 5 1 255 15 12 13 14 10 16 3 9 2 6 11 7
12 15 7 3 255 8 16 11 255 255 4 10 6 2 255 0 14 5 1 255 255 13 9 255 255
10 14 13 9 255 16 6 2 5 255 7 11 15 1 255 3 8 12 255 255 0 4 255 255 255
2 6 10 14 255 255 11 16 13 255 255 7 15 9 255 255 3 12 5 255 0 4 8 1 255
255 255 255 255 255 255 255 1 5 9 4 0 255 2 13 12 15 11 6 14 8 3 7 16 10
16 11 7 3 255 10 6 2 4 0 14 15 12 8 255 13 9 5 1 255 255 255 255 255 255
255 255 255 255 255 2 9 5 1 255 6 11 7 255 255 10 16 3 0 4 14 13 15 12 8
3 7 13 5 255 255 11 14 9 1 0 6 10 255 255 4 2 16 255 255 8 12 15 255 255
255 255 255 255 255 255 5 9 13 14 255 1 2 6 10 0 255 15 11 16 4 8 12 7 3
255 12 15 16 10 255 8 2 6 14 255 4 0 11 13 255 255 255 7 3 255 255 1 5 9
255 255 255 255 255 5 1 255 255 255 9 2 0 4 8 13 6 11 7 12 14 10 16 3 15
7 15 3 255 255 11 16 12 255 255 6 10 8 255 255 2 14 4 1 255 9 13 0 5 255
255 9 13 14 10 255 5 2 6 16 255 1 15 11 7 255 255 12 8 3 255 255 255 4 0
255 8 12 14 10 255 4 15 13 16 255 0 9 2 6 255 255 5 1 11 255 255 255 3 7
255 255 255 255 255 12 8 4 0 255 15 16 10 14 13 7 11 6 5 9 3 255 2 1 255
16 6 15 8 0 10 11 2 12 4 14 7 255 255 255 13 3 1 255 255 9 255 5 255 255
255 255 255 255 255 255 255 8 12 15 255 0 4 3 7 5 1 2 6 11 9 13 14 10 16
255 9 13 14 10 255 5 2 6 16 255 1 15 11 7 255 255 12 8 3 255 255 255 4 0
15 12 8 4 0 16 10 14 13 255 11 6 5 9 255 7 2 1 255 255 3 255 255 255 255
255 12 15 16 10 255 8 2 6 14 255 4 255 11 13 255 0 255 7 9 255 255 1 3 5
255 255 255 255 255 255 255 0 4 8 5 1 255 15 12 13 14 10 16 3 9 2 6 11 7
12 15 7 3 255 8 16 11 255 255 4 10 6 2 255 0 14 5 1 255 255 13 9 255 255
10 14 13 9 255 16 6 2 5 255 7 11 15 1 255 3 8 12 255 255 0 4 255 255 255
2 6 10 14 255 255 11 16 13 255 255 7 15 9 255 255 3 12 5 255 0 4 8 1 255
255 255 255 255 255 255 255 1 5 9 4 0 255 2 13 12 15 11 6 14 8 3 7 16 10
16 11 7 3 255 10 6 2 4 0 14 15 12 8 255 13 9 5 1 255 255 255 255 255 255
255 255 255 255 255 2 9 5 1 255 6 11 7 255 255 10 16 3 0 4 14 13 15 12 8
3 7 13 5 255 255 11 14 9 1 0 6 10 255 255 4 2 16 255 255 8 12 15 255 255
255 255 255 255 255 255 5 9 13 14 255 1 2 6 10 0 255 15 11 16 4 8 12 7 3
255 12 15 16 10 255 8 2 6 14 255 4 0 11 13 255 255 255 7 3 255 255 1 5 9
255 255 255 255 255 5 1 255 255 255 9 2 0 4 8 13 6 11 7 12 14 10 16 3 15
7 15 3 255 255 11 16 12 255 255 6 10 8 255 255 2 14 4 1 255 9 13 0 5 255
255 255 2 11 6 255 255 13 14 10 255 255 9 7 16 255 1 5 3 15 255 0 4 8 12
255 2 6 10 16 255 255 11 14 15 255 255 7 13 12 255 255 3 9 8 255 1 5 0 4
255 255 255 255 255 8 4 0 255 255 12 15 255 1 5 3 16 10 14 13 7 11 6 2 9
7 11 3 255 255 16 6 15 255 255 10 2 12 1 255 14 9 8 5 255 13 0 4 255 255
255 13 14 10 16 255 9 15 6 11 255 5 12 2 7 255 1 8 4 3 255 255 255 0 255
5 15 14 10 16 9 12 13 6 11 1 8 4 2 7 255 255 0 255 3 255 255 255 255 255
255 255 255 255 255 15 12 8 4 0 16 10 14 13 255 11 6 5 9 255 7 2 3 1 255
255 15 7 11 16 255 12 3 6 10 255 8 255 2 14 255 4 255 1 13 255 0 255 5 9
255 255 255 255 255 255 255 0 4 8 5 1 255 15 12 9 2 6 11 7 13 14 10 16 3
255 13 14 10 16 255 9 15 6 11 255 5 12 2 7 255 1 8 4 3 255 255 255 0 255
6 11 2 7 255 10 14 13 3 255 16 5 9 255 255 15 1 255 255 255 12 8 4 0 255
255 15 16 10 11 255 12 7 14 6 255 8 3 13 2 255 4 255 9 255 255 0 1 5 255
255 255 255 255 255 255 255 255 1 5 8 4 0 2 9 12 7 11 6 13 15 3 16 10 14
15 7 3 4 0 16 11 12 8 255 10 6 2 255 255 14 5 1 255 255 13 9 255 255 255
14 13 9 5 255 10 6 2 1 255 16 11 15 255 255 3 7 12 255 255 0 4 8 255 255
6 10 14 9 255 11 16 13 5 255 2 7 15 1 255 255 3 12 255 255 0 4 8 255 255
255 255 1 9 5 255 255 8 12 15 255 0 4 13 14 255 255 2 6 10 255 3 7 11 16
255 15 7 11 16 255 12 3 6 10 255 8 4 2 14 255 255 0 1 13 255 255 255 5 9
255 255 255 255 255 1 5 255 255 255 3 9 0 4 8 7 11 6 2 12 13 14 10 16 15
7 13 3 5 255 11 14 9 1 255 6 10 0 255 255 2 16 4 255 255 12 15 8 255 255
255 255 2 11 6 255 255 13 14 10 255 255 9 7 16 255 1 5 3 15 255 0 4 8 12
255 2 6 10 16 255 255 11 14 15 255 255 7 13 12 255 255 3 9 8 255 1 5 0 4
255 255 255 255 255 8 4 0 255 255 12 15 255 1 5 3 16 10 14 13 7 11 6 2 9
7 11 3 255 255 16 6 15 255 255 10 2 12 1 255 14 9 8 5 255 13 0 4 255 255
255 13 14 10 16 255 9 15 6 11 255 5 12 2 7 255 1 8 4 3 255 255 255 0 255
5 15 14 10 16 9 12 13 6 11 1 8 4 2 7 255 255 0 255 3 255 255 255 255 255
255 255 255 255 255 15 12 8 4 0 16 10 14 13 255 11 6 5 9 255 7 2 3 1 255
255 15 7 11 16 255 12 3 6 10 255 8 255 2 14 255 4 255 1 13 255 0 255 5 9
255 255 255 255 255 255 255 0 4 8 5 1 255 15 12 9 2 6 11 7 13 14 10 16 3
255 13 14 10 16 255 9 15 6 11 255 5 12 2 7 255 1 8 4 3 255 255 255 0 255
6 11 2 7 255 10 14 13 3 255 16 5 9 255 255 15 1 255 255 255 12 8 4 0 255
255 15 16 10 11 255 12 7 14 6 255 8 3 13 2 255 4 255 9 255 255 0 1 5 255
255 15 16 11 7 255 12 10 6 2 255 8 14 5 3 255 4 13 9 1 255 0 255 255 255
255 255 255 255 255 15 12 8 255 255 7 3 4 0 255 11 6 2 1 5 16 10 14 13 9
255 1 3 7 13 255 5 9 11 14 255 255 0 6 10 255 255 4 2 16 255 255 8 12 15
255 0 4 8 12 13 14 10 16 15 9 5 6 11 7 255 1 2 255 3 255 255 255 255 255
6 10 16 15 12 11 14 7 3 8 2 13 9 5 4 255 255 255 1 0 255 255 255 255 255
255 255 255 255 255 2 255 255 255 1 6 11 7 3 5 10 14 13 9 0 16 15 12 8 4
255 3 7 15 8 255 255 11 16 12 255 255 6 10 4 255 1 2 14 0 255 5 9 13 255
255 255 255 9 13 255 255 1 5 14 255 255 2 6 10 0 255 15 11 16 4 8 12 7 3
14 10 16 3 15 13 6 11 7 12 9 2 255 255 8 5 1 255 255 4 255 255 255 255 0
5 9 1 255 255 15 12 8 255 255 14 13 4 0 255 10 6 2 255 255 16 11 7 3 255
7 11 16 12 4 3 6 10 15 8 255 2 14 255 0 255 1 13 255 255 255 5 9 255 255
255 255 255 255 255 255 1 5 9 2 255 255 7 11 6 4 0 3 16 10 8 12 15 13 14
255 1 3 7 13 255 5 9 11 14 255 255 0 6 10 255 255 4 2 16 255 255 8 12 15
255 255 255 255 255 13 9 5 1 255 14 15 12 8 255 10 6 2 4 0 16 11 7 3 255
16 10 11 3 255 15 14 6 7 255 12 13 2 255 255 8 0 9 255 255 4 1 5 255 255
255 255 255 255 255 1 255 255 255 2 5 3 7 11 6 0 9 13 14 10 4 8 12 15 16
255 8 12 3 7 255 4 15 16 11 255 0 255 10 6 255 255 1 14 2 255 255 5 13 9
15 16 10 14 13 7 11 6 5 9 3 12 2 1 255 4 8 255 255 255 0 255 255 255 255
14 16 12 4 255 13 10 15 8 0 2 6 1 255 255 9 11 5 255 255 3 7 255 255 255
255 255 255 255 255 0 4 8 12 15 255 13 14 10 16 255 9 5 6 11 255 1 3 2 7
255 15 16 11 7 255 12 10 6 2 255 8 14 5 3 255 4 13 9 1 255 0 255 255 255
255 255 255 255 255 15 12 8 255 255 7 3 4 0 255 11 6 2 1 5 16 10 14 13 9
255 1 3 7 13 255 5 9 11 14 255 255 0 6 10 255 255 4 2 16 255 255 8 12 15
255 0 4 8 12 13 14 10 16 15 9 5 6 11 7 255 1 2 255 3 255 255 255 255 255
6 10 16 15 12 11 14 7 3 8 2 13 9 5 4 255 255 255 1 0 255 255 255 255 255
255 255 255 255 255 2 255 255 255 1 6 11 7 3 5 10 14 13 9 0 16 15 12 8 4
255 3 7 15 8 255 255 11 16 12 255 255 6 10 4 255 1 2 14 0 255 5 9 13 255
255 255 255 9 13 255 255 1 5 14 255 255 2 6 10 0 255 15 11 16 4 8 12 7 3
14 10 16 3 15 13 6 11 7 12 9 2 255 255 8 5 1 255 255 4 255 255 255 255 0
5 9 1 255 255 15 12 8 255 255 14 13 4 0 255 10 6 2 255 255 16 11 7 3 255
7 11 16 12 4 3 6 10 15 8 255 2 14 255 0 255 1 13 255 255 255 5 9 255 255
255 255 255 255 255 255 1 5 9 2 255 255 7 11 6 4 0 3 16 10 8 12 15 13 14
2 6 10 14 255 255 11 16 13 255 255 7 15 9 255 255 3 12 5 255 0 4 8 1 255
255 255 255 255 255 255 255 1 5 9 4 0 255 2 13 12 15 11 6 14 8 3 7 16 10
16 11 7 3 255 10 6 2 4 0 14 15 12 8 255 13 9 5 1 255 255 255 255 255 255
255 255 255 255 255 2 9 5 1 255 6 11 7 255 255 10 16 3 0 4 14 13 15 12 8
3 7 13 5 255 255 11 14 9 1 0 6 10 255 255 4 2 16 255 255 8 12 15 255 255
255 255 255 255 255 255 5 9 13 14 255 1 2 6 10 0 255 15 11 16 4 8 12 7 3
255 12 15 16 10 255 8 2 6 14 255 4 0 11 13 255 255 255 7 3 255 255 1 5 9
255 255 255 255 255 5 1 255 255 255 9 2 0 4 8 13 6 11 7 12 14 10 16 3 15
7 15 3 255 255 11 16 12 255 255 6 10 8 255 255 2 14 4 1 255 9 13 0 5 255
255 9 13 14 10 255 5 2 6 16 255 1 15 11 7 255 255 12 8 3 255 255 255 4 0
255 8 12 14 10 255 4 15 13 16 255 0 9 2 6 255 255 5 1 11 255 255 255 3 7
255 255 255 255 255 12 8 4 0 255 15 16 10 14 13 7 11 6 5 9 3 255 2 1 255
16 6 15 8 0 10 11 2 12 4 14 7 255 255 255 13 3 1 255 255 9 255 5 255 255
255 255 255 255 255 255 255 8 12 15 255 0 4 3 7 5 1 2 6 11 9 13 14 10 16
255 9 13 14 10 255 5 2 6 16 255 1 15 11 7 255 255 12 8 3 255 255 255 4 0
15 12 8 4 0 16 10 14 13 255 11 6 5 9 255 7 2 1 255 255 3 255 255 255 255
255 12 15 16 10 255 8 2 6 14 255 4 255 11 13 255 0 255 7 9 255 255 1 3 5
255 255 255 255 255 255 255 0 4 8 5 1 255 15 12 13 14 10 16 3 9 2 6 11 7
12 15 7 3 255 8 16 11 255 255 4 10 6 2 255 0 14 5 1 255 255 13 9 255 255
10 14 13 9 255 16 6 2 5 255 7 11 15 1 255 3 8 12 255 255 0 4 255 255 255
2 6 10 14 255 255 11 16 13 255 255 7 15 9 255 255 3 12 5 255 0 4 8 1 255
255 255 255 255 255 255 255 1 5 9 4 0 255 2 13 12 15 11 6 14 8 3 7 16 10
16 11 7 3 255 10 6 2 4 0 14 15 12 8 255 13 9 5 1 255 255 255 255 255 255
255 255 255 255 255 2 9 5 1 255 6 11 7 255 255 10 16 3 0 4 14 13 15 12 8
3 7 13 5 255 255 11 14 9 1 0 6 10 255 255 4 2 16 255 255 8 12 15 255 255
255 255 255 255 255 255 5 9 13 14 255 1 2 6 10 0 255 15 11 16 4 8 12 7 3
255 12 15 16 10 255 8 2 6 14 255 4 0 11 13 255 255 255 7 3 255 255 1 5 9
255 255 255 255 255 5 1 255 255 255 9 2 0 4 8 13 6 11 7 12 14 10 16 3 15
7 15 3 255 255 11 16 12 255 255 6 10 8 255 255 2 14 4 1 255 9 13 0 5 255
255 9 13 14 10 255 5 2 6 16 255 1 15 11 7 255 255 12 8 3 255 255 255 4 0
255 8 12 14 10 255 4 15 13 16 255 0 9 2 6 255 255 5 1 11 255 255 255 3 7
255 255 255 255 255 12 8 4 0 255 15 16 10 14 13 7 11 6 5 9 3 255 2 1 255
255 255 255 255 255 2 255 255 255 1 6 11 7 3 5 10 14 13 9 0 16 15 12 8 4
255 3 7 15 8 255 255 11 16 12 255 255 6 10 4 255 1 2 14 0 255 5 9 13 255
255 255 255 9 13 255 255 1 5 14 255 255 2 6 10 0 255 15 11 16 4 8 12 7 3
14 10 16 3 15 13 6 11 7 12 9 2 255 255 8 5 1 255 255 4 255 255 255 255 0
5 9 1 255 255 15 12 8 255 255 14 13 4 0 255 10 6 2 255 255 16 11 7 3 255
7 11 16 12 4 3 6 10 15 8 255 2 14 255 0 255 1 13 255 255 255 5 9 255 255
255 255 255 255 255 255 1 5 9 2 255 255 7 11 6 4 0 3 16 10 8 12 15 13 14
255 1 3 7 13 255 5 9 11 14 255 255 0 6 10 255 255 4 2 16 255 255 8 12 15
255 255 255 255 255 13 9 5 1 255 14 15 12 8 255 10 6 2 4 0 16 11 7 3 255
16 10 11 3 255 15 14 6 7 255 12 13 2 255 255 8 0 9 255 255 4 1 5 255 255
255 255 255 255 255 1 255 255 255 2 5 3 7 11 6 0 9 13 14 10 4 8 12 15 16
255 8 12 3 7 255 4 15 16 11 255 0 255 10 6 255 255 1 14 2 255 255 5 13 9
15 16 10 14 13 7 11 6 5 9 3 12 2 1 255 4 8 255 255 255 0 255 255 255 255
14 16 12 4 255 13 10 15 8 0 2 6 1 255 255 9 11 5 255 255 3 7 255 255 255
255 255 255 255 255 0 4 8 12 15 255 13 14 10 16 255 9 5 6 11 255 1 3 2 7
255 15 16 11 7 255 12 10 6 2 255 8 14 5 3 255 4 13 9 1 255 0 255 255 255
255 255 255 255 255 15 12 8 255 255 7 3 4 0 255 11 6 2 1 5 16 10 14 13 9
255 1 3 7 13 255 5 9 11 14 255 255 0 6 10 255 255 4 2 16 255 255 8 12 15
255 0 4 8 12 13 14 10 16 15 9 5 6 11 7 255 1 2 255 3 255 255 255 255 255
6 10 16 15 12 11 14 7 3 8 2 13 9 5 4 255 255 255 1 0 255 255 255 255 255
255 255 255 255 255 2 255 255 255 1 6 11 7 3 5 10 14 13 9 0 16 15 12 8 4
255 3 7 15 8 255 255 11 16 12 255 255 6 10 4 255 1 2 14 0 255 5 9 13 255
255 255 255 9 13 255 255 1 5 14 255 255 2 6 10 0 255 15 11 16 4 8 12 7 3
14 10 16 3 15 13 6 11 7 12 9 2 255 255 8 5 1 255 255 4 255 255 255 255 0
5 9 1 255 255 15 12 8 255 255 14 13 4 0 255 10 6 2 255 255 16 11 7 3 255
7 11 16 12 4 3 6 10 15 8 255 2 14 255 0 255 1 13 255 255 255 5 9 255 255
255 255 255 255 255 255 1 5 9 2 255 255 7 11 6 4 0 3 16 10 8 12 15 13 14
255 1 3 7 13 255 5 9 11 14 255 255 0 6 10 255 255 4 2 16 255 255 8 12 15
255 255 255 255 255 13 9 5 1 255 14 15 12 8 255 10 6 2 4 0 16 11 7 3 255
16 10 11 3 255 15 14 6 7 255 12 13 2 255 255 8 0 9 255 255 4 1 5 255 255
255 255 255 255 255 1 255 255 255 2 5 3 7 11 6 0 9 13 14 10 4 8 12 15 16
255 8 12 3 7 255 4 15 16 11 255 0 255 10 6 255 255 1 14 2 255 255 5 13 9
255 255 255 255 255 255 1 5 9 13 255 8 12 15 14 0 4 2 6 10 255 3 7 11 16
10 16 7 3 8 14 6 11 15 12 13 2 255 255 4 9 5 1 255 0 255 255 255 255 255
255 255 255 255 255 8 4 0 255 255 12 15 9 5 255 14 13 2 1 3 10 16 6 11 7
3 7 15 8 0 255 11 16 12 4 255 6 10 255 255 1 2 14 255 255 5 9 13 255 255
255 5 9 13 14 255 1 2 6 10 255 255 255 11 16 255 255 255 7 3 0 4 8 12 15
255 2 6 10 14 255 9 11 16 13 255 5 7 3 15 255 1 255 0 12 255 255 255 4 8
255 255 255 255 255 9 5 1 255 255 13 2 255 0 4 14 6 11 15 12 10 16 7 3 8
11 16 7 15 255 6 10 3 12 255 2 14 255 8 255 1 13 255 4 255 5 9 255 0 255
255 255 255 255 255 255 255 4 8 12 1 255 0 2 15 5 7 11 6 16 9 3 13 14 10
255 5 9 13 14 255 1 2 6 10 255 255 0 11 16 255 255 4 7 3 255 255 8 12 15
12 8 4 0 255 15 16 10 14 13 7 11 6 5 9 3 255 2 1 255 255 255 255 255 255
10 2 6 1 255 14 16 11 5 255 13 15 7 9 255 0 12 3 255 255 4 8 255 255 255
255 255 255 255 255 255 255 8 12 15 255 0 4 3 7 1 13 14 10 16 5 9 2 6 11
255 12 15 7 3 255 8 16 11 255 255 4 10 6 2 255 0 14 5 1 255 255 13 9 255
16 10 14 13 255 11 6 15 9 255 7 2 12 5 255 3 4 8 1 255 255 0 255 255 255
255 2 6 10 14 255 255 11 16 13 255 255 7 15 9 255 255 3 12 5 255 0 4 8 1
255 255 255 255 255 255 0 4 8 12 13 14 10 16 15 9 5 6 11 7 255 1 2 255 3
15 16 11 7 3 12 10 6 2 255 8 14 5 1 255 4 13 9 255 255 0 255 255 255 255
255 255 255 255 255 12 8 4 255 255 15 2 0 255 1 16 6 11 7 5 10 14 13 3 9
255 3 7 13 5 255 255 11 14 9 255 0 6 10 1 255 4 2 16 255 255 8 12 15 255
255 255 255 255 255 255 1 5 9 13 255 8 12 15 14 0 4 2 6 10 255 3 7 11 16
10 16 7 3 8 14 6 11 15 12 13 2 255 255 4 9 5 1 255 0 255 255 255 255 255
255 255 255 255 255 8 4 0 255 255 12 15 9 5 255 14 13 2 1 3 10 16 6 11 7
3 7 15 8 0 255 11 16 12 4 255 6 10 255 255 1 2 14 255 255 5 9 13 255 255
255 5 9 13 14 255 1 2 6 10 255 255 255 11 16 255 255 255 7 3 0 4 8 12 15
255 2 6 10 14 255 9 11 16 13 255 5 7 3 15 255 1 255 0 12 255 255 255 4 8
255 255 255 255 255 9 5 1 255 255 13 2 255 0 4 14 6 11 15 12 10 16 7 3 8
11 16 7 15 255 6 10 3 12 255 2 14 255 8 255 1 13 255 4 255 5 9 255 0 255
255 255 255 255 255 255 255 4 8 12 1 255 0 2 15 5 7 11 6 16 9 3 13 14 10
255 5 9 13 14 255 1 2 6 10 255 255 0 11 16 255 255 4 7 3 255 255 8 12 15
12 8 4 0 255 15 16 10 14 13 7 11 6 5 9 3 255 2 1 255 255 255 255 255 255
10 2 6 1 255 14 16 11 5 255 13 15 7 9 255 0 12 3 255 255 4 8 255 255 255
255 255 255 255 255 8 4 0 255 255 12 15 255 1 5 3 16 10 14 13 7 11 6 2 9
7 11 3 255 255 16 6 15 255 255 10 2 12 1 255 14 9 8 5 255 13 0 4 255 255
255 13 14 10 16 255 9 15 6 11 255 5 12 2 7 255 1 8 4 3 255 255 255 0 255
5 15 14 10 16 9 12 13 6 11 1 8 4 2 7 255 255 0 255 3 255 255 255 255 255
255 255 255 255 255 15 12 8 4 0 16 10 14 13 255 11 6 5 9 255 7 2 3 1 255
255 15 7 11 16 255 12 3 6 10 255 8 255 2 14 255 4 255 1 13 255 0 255 5 9
255 255 255 255 255 255 255 0 4 8 5 1 255 15 12 9 2 6 11 7 13 14 10 16 3
255 13 14 10 16 255 9 15 6 11 255 5 12 2 7 255 1 8 4 3 255 255 255 0 255
6 11 2 7 255 10 14 13 3 255 16 5 9 255 255 15 1 255 255 255 12 8 4 0 255
255 15 16 10 11 255 12 7 14 6 255 8 3 13 2 255 4 255 9 255 255 0 1 5 255
255 255 255 255 255 255 255 255 1 5 8 4 0 2 9 12 7 11 6 13 15 3 16 10 14
15 7 3 4 0 16 11 12 8 255 10 6 2 255 255 14 5 1 255 255 13 9 255 255 255
14 13 9 5 255 10 6 2 1 255 16 11 15 255 255 3 7 12 255 255 0 4 8 255 255
6 10 14 9 255 11 16 13 5 255 2 7 15 1 255 255 3 12 255 255 0 4 8 255 255
255 255 1 9 5 255 255 8 12 15 255 0 4 13 14 255 255 2 6 10 255 3 7 11 16
255 15 7 11 16 255 12 3 6 10 255 8 4 2 14 255 255 0 1 13 255 255 255 5 9
255 255 255 255 255 1 5 255 255 255 3 9 0 4 8 7 11 6 2 12 13 14 10 16 15
7 13 3 5 255 11 14 9 1 255 6 10 0 255 255 2 16 4 255 255 12 15 8 255 255
255 255 2 11 6 255 255 13 14 10 255 255 9 7 16 255 1 5 3 15 255 0 4 8 12
255 2 6 10 16 255 255 11 14 15 255 255 7 13 12 255 255 3 9 8 255 1 5 0 4
255 255 255 255 255 8 4 0 255 255 12 15 255 1 5 3 16 10 14 13 7 11 6 2 9
7 11 3 255 255 16 6 15 255 255 10 2 12 1 255 14 9 8 5 255 13 0 4 255 255
255 13 14 10 16 255 9 15 6 11 255 5 12 2 7 255 1 8 4 3 255 255 255 0 255
5 15 14 10 16 9 12 13 6 11 1 8 4 2 7 255 255 0 255 3 255 255 255 255 255
255 255 255 255 255 15 12 8 4 0 16 10 14 13 255 11 6 5 9 255 7 2 3 1 255
255 15 7 11 16 255 12 3 6 10 255 8 255 2 14 255 4 255 1 13 255 0 255 5 9
255 255 255 255 255 255 255 0 4 8 5 1 255 15 12 9 2 6 11 7 13 14 10 16 3
255 13 14 10 16 255 9 15 6 11 255 5 12 2 7 255 1 8 4 3 255 255 255 0 255
6 11 2 7 255 10 14 13 3 255 16 5 9 255 255 15 1 255 255 255 12 8 4 0 255
255 15 16 10 11 255 12 7 14 6 255 8 3 13 2 255 4 255 9 255 255 0 1 5 255
255 255 255 255 255 255 255 255 1 5 8 4 0 2 9 12 7 11 6 13 15 3 16 10 14
15 7 3 4 0 16 11 12 8 255 10 6 2 255 255 14 5 1 255 255 13 9 255 255 255
3 7 13 5 255 255 11 14 9 1 0 6 10 255 255 4 2 16 255 255 8 12 15 255 255
255 255 255 255 255 255 5 9 13 14 255 1 2 6 10 0 255 15 11 16 4 8 12 7 3
255 12 15 16 10 255 8 2 6 14 255 4 0 11 13 255 255 255 7 3 255 255 1 5 9
255 255 255 255 255 5 1 255 255 255 9 2 0 4 8 13 6 11 7 12 14 10 16 3 15
7 15 3 255 255 11 16 12 255 255 6 10 8 255 255 2 14 4 1 255 9 13 0 5 255
255 9 13 14 10 255 5 2 6 16 255 1 15 11 7 255 255 12 8 3 255 255 255 4 0
255 8 12 14 10 255 4 15 13 16 255 0 9 2 6 255 255 5 1 11 255 255 255 3 7
255 255 255 255 255 12 8 4 0 255 15 16 10 14 13 7 11 6 5 9 3 255 2 1 255
16 6 15 8 0 10 11 2 12 4 14 7 255 255 255 13 3 1 255 255 9 255 5 255 255
255 255 255 255 255 255 255 8 12 15 255 0 4 3 7 5 1 2 6 11 9 13 14 10 16
255 9 13 14 10 255 5 2 6 16 255 1 15 11 7 255 255 12 8 3 255 255 255 4 0
15 12 8 4 0 16 10 14 13 255 11 6 5 9 255 7 2 1 255 255 3 255 255 255 255
255 12 15 16 10 255 8 2 6 14 255 4 255 11 13 255 0 255 7 9 255 255 1 3 5
255 255 255 255 255 255 255 0 4 8 5 1 255 15 12 13 14 10 16 3 9 2 6 11 7
12 15 7 3 255 8 16 11 255 255 4 10 6 2 255 0 14 5 1 255 255 13 9 255 255
10 14 13 9 255 16 6 2 5 255 7 11 15 1 255 3 8 12 255 255 0 4 255 255 255
2 6 10 14 255 255 11 16 13 255 255 7 15 9 255 255 3 12 5 255 0 4 8 1 255
255 255 255 255 255 255 255 1 5 9 4 0 255 2 13 12 15 11 6 14 8 3 7 16 10
16 11 7 3 255 10 6 2 4 0 14 15 12 8 255 13 9 5 1 255 255 255 255 255 255
255 255 255 255 255 2 9 5 1 255 6 11 7 255 255 10 16 3 0 4 14 13 15 12 8
3 7 13 5 255 255 11 14 9 1 0 6 10 255 255 4 2 16 255 255 8 12 15 255 255
255 255 255 255 255 255 5 9 13 14 255 1 2 6 10 0 255 15 11 16 4 8 12 7 3
255 12 15 16 10 255 8 2 6 14 255 4 0 11 13 255 255 255 7 3 255 255 1 5 9
255 255 255 255 255 5 1 255 255 255 9 2 0 4 8 13 6 11 7 12 14 10 16 3 15
7 15 3 255 255 11 16 12 255 255 6 10 8 255 255 2 14 4 1 255 9 13 0 5 255
255 9 13 14 10 255 5 2 6 16 255 1 15 11 7 255 255 12 8 3 255 255 255 4 0
255 8 12 14 10 255 4 15 13 16 255 0 9 2 6 255 255 5 1 11 255 255 255 3 7
255 255 255 255 255 12 8 4 0 255 15 16 10 14 13 7 11 6 5 9 3 255 2 1 255
16 6 15 8 0 10 11 2 12 4 14 7 255 255 255 13 3 1 255 255 9 255 5 255 255
255 255 255 255 255 255 255 8 12 15 255 0 4 3 7 5 1 2 6 11 9 13 14 10 16
255 9 13 14 10 255 5 2 6 16 255 1 15 11 7 255 255 12 8 3 255 255 255 4 0
15 12 8 4 0 16 10 14 13 255 11 6 5 9 255 7 2 1 255 255 3 255 255 255 255
255 5 9 13 14 255 1 2 6 10 255 255 255 11 16 255 255 255 7 3 0 4 8 12 15
255 2 6 10 14 255 9 11 16 13 255 5 7 3 15 255 1 255 0 12 255 255 255 4 8
255 255 255 255 255 9 5 1 255 255 13 2 255 0 4 14 6 11 15 12 10 16 7 3 8
11 16 7 15 255 6 10 3 12 255 2 14 255 8 255 1 13 255 4 255 5 9 255 0 255
255 255 255 255 255 255 255 4 8 12 1 255 0 2 15 5 7 11 6 16 9 3 13 14 10
255 5 9 13 14 255 1 2 6 10 255 255 0 11 16 255 255 4 7 3 255 255 8 12 15
12 8 4 0 255 15 16 10 14 13 7 11 6 5 9 3 255 2 1 255 255 255 255 255 255
10 2 6 1 255 14 16 11 5 255 13 15 7 9 255 0 12 3 255 255 4 8 255 255 255
255 255 255 255 255 255 255 8 12 15 255 0 4 3 7 1 13 14 10 16 5 9 2 6 11
255 12 15 7 3 255 8 16 11 255 255 4 10 6 2 255 0 14 5 1 255 255 13 9 255
16 10 14 13 255 11 6 15 9 255 7 2 12 5 255 3 4 8 1 255 255 0 255 255 255
255 2 6 10 14 255 255 11 16 13 255 255 7 15 9 255 255 3 12 5 255 0 4 8 1
255 255 255 255 255 255 0 4 8 12 13 14 10 16 15 9 5 6 11 7 255 1 2 255 3
15 16 11 7 3 12 10 6 2 255 8 14 5 1 255 4 13 9 255 255 0 255 255 255 255
255 255 255 255 255 12 8 4 255 255 15 2 0 255 1 16 6 11 7 5 10 14 13 3 9
255 3 7 13 5 255 255 11 14 9 255 0 6 10 1 255 4 2 16 255 255 8 12 15 255
255 255 255 255 255 255 1 5 9 13 255 8 12 15 14 0 4 2 6 10 255 3 7 11 16
10 16 7 3 8 14 6 11 15 12 13 2 255 255 4 9 5 1 255 0 255 255 255 255 255
255 255 255 255 255 8 4 0 255 255 12 15 9 5 255 14 13 2 1 3 10 16 6 11 7
3 7 15 8 0 255 11 16 12 4 255 6 10 255 255 1 2 14 255 255 5 9 13 255 255
255 5 9 13 14 255 1 2 6 10 255 255 255 11 16 255 255 255 7 3 0 4 8 12 15
255 2 6 10 14 255 9 11 16 13 255 5 7 3 15 255 1 255 0 12 255 255 255 4 8
255 255 255 255 255 9 5 1 255 255 13 2 255 0 4 14 6 11 15 12 10 16 7 3 8
11 16 7 15 255 6 10 3 12 255 2 14 255 8 255 1 13 255 4 255 5 9 255 0 255
255 255 255 255 255 255 255 4 8 12 1 255 0 2 15 5 7 11 6 16 9 3 13 14 10
255 5 9 13 14 255 1 2 6 10 255 255 0 11 16 255 255 4 7 3 255 255 8 12 15
12 8 4 0 255 15 16 10 14 13 7 11 6 5 9 3 255 2 1 255 255 255 255 255 255
10 2 6 1 255 14 16 11 5 255 13 15 7 9 255 0 12 3 255 255 4 8 255 255 255
255 255 255 255 255 255 255 8 12 15 255 0 4 3 7 1 13 14 10 16 5 9 2 6 11
255 12 15 7 3 255 8 16 11 255 255 4 10 6 2 255 0 14 5 1 255 255 13 9 255
16 10 14 13 255 11 6 15 9 255 7 2 12 5 255 3 4 8 1 255 255 0 255 255 255
255 2 6 10 14 255 255 11 16 13 255 255 7 15 9 255 255 3 12 5 255 0 4 8 1
255 9 13 14 10 255 5 2 6 16 255 1 15 11 7 255 255 12 8 3 255 255 255 4 0
255 8 12 14 10 255 4 15 13 16 255 0 9 2 6 255 255 5 1 11 255 255 255 3 7
255 255 255 255 255 12 8 4 0 255 15 16 10 14 13 7 11 6 5 9 3 255 2 1 255
16 6 15 8 0 10 11 2 12 4 14 7 255 255 255 13 3 1 255 255 9 255 5 255 255
255 255 255 255 255 255 255 8 12 15 255 0 4 3 7 5 1 2 6 11 9 13 14 10 16
255 9 13 14 10 255 5 2 6 16 255 1 15 11 7 255 255 12 8 3 255 255 255 4 0
15 12 8 4 0 16 10 14 13 255 11 6 5 9 255 7 2 1 255 255 3 255 255 255 255
255 12 15 16 10 255 8 2 6 14 255 4 255 11 13 255 0 255 7 9 255 255 1 3 5
255 255 255 255 255 255 255 0 4 8 5 1 255 15 12 13 14 10 16 3 9 2 6 11 7
12 15 7 3 255 8 16 11 255 255 4 10 6 2 255 0 14 5 1 255 255 13 9 255 255
10 14 13 9 255 16 6 2 5 255 7 11 15 1 255 3 8 12 255 255 0 4 255 255 255
2 6 10 14 255 255 11 16 13 255 255 7 15 9 255 255 3 12 5 255 0 4 8 1 255
255 255 255 255 255 255 255 1 5 9 4 0 255 2 13 12 15 11 6 14 8 3 7 16 10
16 11 7 3 255 10 6 2 4 0 14 15 12 8 255 13 9 5 1 255 255 255 255 255 255
255 255 255 255 255 2 9 5 1 255 6 11 7 255 255 10 16 3 0 4 14 13 15 12 8
3 7 13 5 255 255 11 14 9 1 0 6 10 255 255 4 2 16 255 255 8 12 15 255 255
255 255 255 255 255 255 5 9 13 14 255 1 2 6 10 0 255 15 11 16 4 8 12 7 3
255 12 15 16 10 255 8 2 6 14 255 4 0 11 13 255 255 255 7 3 255 255 1 5 9
255 255 255 255 255 5 1 255 255 255 9 2 0 4 8 13 6 11 7 12 14 10 16 3 15
7 15 3 255 255 11 16 12 255 255 6 10 8 255 255 2 14 4 1 255 9 13 0 5 255
255 9 13 14 10 255 5 2 6 16 255 1 15 11 7 255 255 12 8 3 255 255 255 4 0
255 8 12 14 10 255 4 15 13 16 255 0 9 2 6 255 255 5 1 11 255 255 255 3 7
255 255 255 255 255 12 8 4 0 255 15 16 10 14 13 7 11 6 5 9 3 255 2 1 255
16 6 15 8 0 10 11 2 12 4 14 7 255 255 255 13 3 1 255 255 9 255 5 255 255
255 255 255 255 255 255 255 8 12 15 255 0 4 3 7 5 1 2 6 11 9 13 14 10 16
255 9 13 14 10 255 5 2 6 16 255 1 15 11 7 255 255 12 8 3 255 255 255 4 0
15 12 8 4 0 16 10 14 13 255 11 6 5 9 255 7 2 1 255 255 3 255 255 255 255
255 12 15 16 10 255 8 2 6 14 255 4 255 11 13 255 0 255 7 9 255 255 1 3 5
255 255 255 255 255 255 255 0 4 8 5 1 255 15 12 13 14 10 16 3 9 2 6 11 7
12 15 7 3 255 8 16 11 255 255 4 10 6 2 255 0 14 5 1 255 255 13 9 255 255
10 14 13 9 255 16 6 2 5 255 7 11 15 1 255 3 8 12 255 255 0 4 255 255 255
2 6 10 14 255 255 11 16 13 255 255 7 15 9 255 255 3 12 5 255 0 4 8 1 255
255 8 12 14 10 255 4 15 13 16 255 0 9 2 6 255 255 5 1 11 255 255 255 3 7
255 255 255 255 255 12 8 4 0 255 15 16 10 14 13 7 11 6 5 9 3 255 2 1 255
16 6 15 8 0 10 11 2 12 4 14 7 255 255 255 13 3 1 255 255 9 255 5 255 255
255 255 255 255 255 255 255 8 12 15 255 0 4 3 7 5 1 2 6 11 9 13 14 10 16
255 9 13 14 10 255 5 2 6 16 255 1 15 11 7 255 255 12 8 3 255 255 255 4 0
15 12 8 4 0 16 10 14 13 255 11 6 5 9 255 7 2 1 255 255 3 255 255 255 255
255 12 15 16 10 255 8 2 6 14 255 4 255 11 13 255 0 255 7 9 255 255 1 3 5
255 255 255 255 255 255 255 0 4 8 5 1 255 15 12 13 14 10 16 3 9 2 6 11 7
12 15 7 3 255 8 16 11 255 255 4 10 6 2 255 0 14 5 1 255 255 13 9 255 255
10 14 13 9 255 16 6 2 5 255 7 11 15 1 255 3 8 12 255 255 0 4 255 255 255
2 6 10 14 255 255 11 16 13 255 255 7 15 9 255 255 3 12 5 255 0 4 8 1 255
255 255 255 255 255 255 255 1 5 9 4 0 255 2 13 12 15 11 6 14 8 3 7 16 10
16 11 7 3 255 10 6 2 4 0 14 15 12 8 255 13 9 5 1 255 255 255 255 255 255
255 255 255 255 255 2 9 5 1 255 6 11 7 255 255 10 16 3 0 4 14 13 15 12 8
3 7 13 5 255 255 11 14 9 1 0 6 10 255 255 4 2 16 255 255 8 12 15 255 255
255 255 255 255 255 255 5 9 13 14 255 1 2 6 10 0 255 15 11 16 4 8 12 7 3
255 12 15 16 10 255 8 2 6 14 255 4 0 11 13 255 255 255 7 3 255 255 1 5 9
255 255 255 255 255 5 1 255 255 255 9 2 0 4 8 13 6 11 7 12 14 10 16 3 15
7 15 3 255 255 11 16 12 255 255 6 10 8 255 255 2 14 4 1 255 9 13 0 5 255
255 9 13 14 10 255 5 2 6 16 255 1 15 11 7 255 255 12 8 3 255 255 255 4 0
255 8 12 14 10 255 4 15 13 16 255 0 9 2 6 255 255 5 1 11 255 255 255 3 7
255 255 255 255 255 12 8 4 0 255 15 16 10 14 13 7 11 6 5 9 3 255 2 1 255
16 6 15 8 0 10 11 2 12 4 14 7 255 255 255 13 3 1 255 255 9 255 5 255 255
255 255 255 255 255 255 255 8 12 15 255 0 4 3 7 5 1 2 6 11 9 13 14 10 16
255 9 13 14 10 255 5 2 6 16 255 1 15 11 7 255 255 12 8 3 255 255 255 4 0
15 12 8 4 0 16 10 14 13 255 11 6 5 9 255 7 2 1 255 255 3 255 255 255 255
255 12 15 16 10 255 8 2 6 14 255 4 255 11 13 255 0 255 7 9 255 255 1 3 5
255 255 255 255 255 255 255 0 4 8 5 1 255 15 12 13 14 10 16 3 9 2 6 11 7
12 15 7 3 255 8 16 11 255 255 4 10 6 2 255 0 14 5 1 255 255 13 9 255 255
10 14 13 9 255 16 6 2 5 255 7 11 15 1 255 3 8 12 255 255 0 4 255 255 255
2 6 10 14 255 255 11 16 13 255 255 7 15 9 255 255 3 12 5 255 0 4 8 1 255
255 255 255 255 255 255 255 1 5 9 4 0 255 2 13 12 15 11 6 14 8 3 7 16 10
12 8 4 0 255 15 16 10 14 13 7 11 6 5 9 3 255 2 1 255 255 255 255 255 255
10 2 6 1 255 14 16 11 5 255 13 15 7 9 255 0 12 3 255 255 4 8 255 255 255
255 255 255 255 255 255 255 8 12 15 255 0 4 3 7 1 13 14 10 16 5 9 2 6 11
255 12 15 7 3 255 8 16 11 255 255 4 10 6 2 255 0 14 5 1 255 255 13 9 255
16 10 14 13 255 11 6 15 9 255 7 2 12 5 255 3 4 8 1 255 255 0 255 255 255
255 2 6 10 14 255 255 11 16 13 255 255 7 15 9 255 255 3 12 5 255 0 4 8 1
255 255 255 255 255 255 0 4 8 12 13 14 10 16 15 9 5 6 11 7 255 1 2 255 3
15 16 11 7 3 12 10 6 2 255 8 14 5 1 255 4 13 9 255 255 0 255 255 255 255
255 255 255 255 255 12 8 4 255 255 15 2 0 255 1 16 6 11 7 5 10 14 13 3 9
255 3 7 13 5 255 255 11 14 9 255 0 6 10 1 255 4 2 16 255 255 8 12 15 255
255 255 255 255 255 255 1 5 9 13 255 8 12 15 14 0 4 2 6 10 255 3 7 11 16
10 16 7 3 8 14 6 11 15 12 13 2 255 255 4 9 5 1 255 0 255 255 255 255 255
255 255 255 255 255 8 4 0 255 255 12 15 9 5 255 14 13 2 1 3 10 16 6 11 7
3 7 15 8 0 255 11 16 12 4 255 6 10 255 255 1 2 14 255 255 5 9 13 255 255
255 5 9 13 14 255 1 2 6 10 255 255 255 11 16 255 255 255 7 3 0 4 8 12 15
255 2 6 10 14 255 9 11 16 13 255 5 7 3 15 255 1 255 0 12 255 255 255 4 8
255 255 255 255 255 9 5 1 255 255 13 2 255 0 4 14 6 11 15 12 10 16 7 3 8
11 16 7 15 255 6 10 3 12 255 2 14 255 8 255 1 13 255 4 255 5 9 255 0 255
255 255 255 255 255 255 255 4 8 12 1 255 0 2 15 5 7 11 6 16 9 3 13 14 10
255 5 9 13 14 255 1 2 6 10 255 255 0 11 16 255 255 4 7 3 255 255 8 12 15
12 8 4 0 255 15 16 10 14 13 7 11 6 5 9 3 255 2 1 255 255 255 255 255 255
10 2 6 1 255 14 16 11 5 255 13 15 7 9 255 0 12 3 255 255 4 8 255 255 255
255 255 255 255 255 255 255 8 12 15 255 0 4 3 7 1 13 14 10 16 5 9 2 6 11
255 12 15 7 3 255 8 16 11 255 255 4 10 6 2 255 0 14 5 1 255 255 13 9 255
16 10 14 13 255 11 6 15 9 255 7 2 12 5 255 3 4 8 1 255 255 0 255 255 255
255 2 6 10 14 255 255 11 16 13 255 255 7 15 9 255 255 3 12 5 255 0 4 8 1
255 255 255 255 255 255 0 4 8 12 13 14 10 16 15 9 5 6 11 7 255 1 2 255 3
15 16 11 7 3 12 10 6 2 255 8 14 5 1 255 4 13 9 255 255 0 255 255 255 255
255 255 255 255 255 12 8 4 255 255 15 2 0 255 1 16 6 11 7 5 10 14 13 3 9
255 3 7 13 5 255 255 11 14 9 255 0 6 10 1 255 4 2 16 255 255 8 12 15 255
255 255 255 255 255 255 1 5 9 13 255 8 12 15 14 0 4 2 6 10 255 3 7 11 16
10 16 7 3 8 14 6 11 15 12 13 2 255 255 4 9 5 1 255 0 255 255 255 255 255
255 16 10 11 3 255 15 14 6 7 255 12 13 2 255 255 8 9 1 255 0 4 5 255 255
255 255 255 255 255 255 255 0 4 8 255 5 9 15 12 3 1 2 13 14 7 11 6 16 10
255 8 12 7 3 255 4 15 11 16 255 0 255 6 10 255 255 1 2 14 255 255 5 9 13
13 9 255 255 255 14 5 1 255 255 10 6 2 255 255 16 11 15 255 0 3 7 12 8 4
10 14 6 9 1 16 13 11 2 5 15 0 7 255 255 12 4 3 255 255 8 255 255 255 255
255 255 255 255 2 255 3 7 11 6 255 255 13 14 10 255 1 9 5 16 0 4 8 12 15
255 15 7 16 11 255 12 3 10 6 255 8 4 14 2 255 255 0 13 9 255 255 255 1 5
255 255 255 255 255 8 4 0 255 255 12 15 255 1 5 7 11 6 2 9 3 16 10 14 13
13 11 3 9 255 14 6 7 5 255 10 2 0 1 255 16 12 4 255 255 15 8 255 255 255
0 4 8 12 15 255 13 14 10 16 255 9 5 6 11 255 255 1 2 7 255 255 255 255 3
2 6 10 16 15 255 11 14 5 12 255 7 13 9 8 255 3 255 1 4 255 255 255 255 0
255 255 255 255 255 15 12 8 255 255 7 3 4 0 255 16 10 14 13 1 11 6 2 9 5
255 255 3 7 15 255 255 12 11 16 255 255 8 6 10 255 1 4 2 14 255 5 0 9 13
13 14 10 16 15 9 5 6 11 7 255 1 2 12 3 255 255 255 8 4 255 255 255 255 0
255 14 10 16 3 255 13 6 11 7 255 9 2 15 12 255 5 1 255 8 255 255 255 0 4
2 255 255 255 255 6 11 7 3 255 10 14 13 255 255 16 5 9 1 255 15 12 8 4 0
255 7 11 16 12 255 3 6 10 15 255 255 2 14 8 255 255 1 13 4 255 255 5 9 0
255 255 255 255 255 255 255 255 5 1 8 4 0 9 3 12 2 6 11 7 15 16 10 14 13
13 14 10 16 3 9 5 6 11 7 255 1 2 15 12 255 255 255 255 8 255 255 255 0 4
255 255 255 255 255 14 13 9 5 255 10 6 2 1 255 16 11 15 255 0 3 7 12 8 4
255 16 10 11 3 255 15 14 6 7 255 12 13 2 255 255 8 9 1 255 0 4 5 255 255
255 255 255 255 255 255 255 0 4 8 255 5 9 15 12 3 1 2 13 14 7 11 6 16 10
255 8 12 7 3 255 4 15 11 16 255 0 255 6 10 255 255 1 2 14 255 255 5 9 13
13 9 255 255 255 14 5 1 255 255 10 6 2 255 255 16 11 15 255 0 3 7 12 8 4
10 14 6 9 1 16 13 11 2 5 15 0 7 255 255 12 4 3 255 255 8 255 255 255 255
255 255 255 255 2 255 3 7 11 6 255 255 13 14 10 255 1 9 5 16 0 4 8 12 15
255 15 7 16 11 255 12 3 10 6 255 8 4 14 2 255 255 0 13 9 255 255 255 1 5
255 255 255 255 255 8 4 0 255 255 12 15 255 1 5 7 11 6 2 9 3 16 10 14 13
13 11 3 9 255 14 6 7 5 255 10 2 0 1 255 16 12 4 255 255 15 8 255 255 255
0 4 8 12 15 255 13 14 10 16 255 9 5 6 11 255 255 1 2 7 255 255 255 255 3
2 6 10 16 15 255 11 14 5 12 255 7 13 9 8 255 3 255 1 4 255 255 255 255 0
255 255 255 255 255 15 12 8 255 255 7 3 4 0 255 16 10 14 13 1 11 6 2 9 5
10 14 6 9 1 16 13 11 2 5 15 0 7 255 255 12 4 3 255 255 8 255 255 255 255
255 255 255 255 2 255 3 7 11 6 255 255 13 14 10 255 1 9 5 16 0 4 8 12 15
255 15 7 16 11 255 12 3 10 6 255 8 4 14 2 255 255 0 13 9 255 255 255 1 5
255 255 255 255 255 8 4 0 255 255 12 15 255 1 5 7 11 6 2 9 3 16 10 14 13
13 11 3 9 255 14 6 7 5 255 10 2 0 1 255 16 12 4 255 255 15 8 255 255 255
0 4 8 12 15 255 13 14 10 16 255 9 5 6 11 255 255 1 2 7 255 255 255 255 3
2 6 10 16 15 255 11 14 5 12 255 7 13 9 8 255 3 255 1 4 255 255 255 255 0
255 255 255 255 255 15 12 8 255 255 7 3 4 0 255 16 10 14 13 1 11 6 2 9 5
255 255 3 7 15 255 255 12 11 16 255 255 8 6 10 255 1 4 2 14 255 5 0 9 13
13 14 10 16 15 9 5 6 11 7 255 1 2 12 3 255 255 255 8 4 255 255 255 255 0
255 14 10 16 3 255 13 6 11 7 255 9 2 15 12 255 5 1 255 8 255 255 255 0 4
2 255 255 255 255 6 11 7 3 255 10 14 13 255 255 16 5 9 1 255 15 12 8 4 0
255 7 11 16 12 255 3 6 10 15 255 255 2 14 8 255 255 1 13 4 255 255 5 9 0
255 255 255 255 255 255 255 255 5 1 8 4 0 9 3 12 2 6 11 7 15 16 10 14 13
13 14 10 16 3 9 5 6 11 7 255 1 2 15 12 255 255 255 255 8 255 255 255 0 4
255 255 255 255 255 14 13 9 5 255 10 6 2 1 255 16 11 15 255 0 3 7 12 8 4
255 16 10 11 3 255 15 14 6 7 255 12 13 2 255 255 8 9 1 255 0 4 5 255 255
255 255 255 255 255 255 255 0 4 8 255 5 9 15 12 3 1 2 13 14 7 11 6 16 10
255 8 12 7 3 255 4 15 11 16 255 0 255 6 10 255 255 1 2 14 255 255 5 9 13
13 9 255 255 255 14 5 1 255 255 10 6 2 255 255 16 11 15 255 0 3 7 12 8 4
10 14 6 9 1 16 13 11 2 5 15 0 7 255 255 12 4 3 255 255 8 255 255 255 255
255 255 255 255 2 255 3 7 11 6 255 255 13 14 10 255 1 9 5 16 0 4 8 12 15
255 15 7 16 11 255 12 3 10 6 255 8 4 14 2 255 255 0 13 9 255 255 255 1 5
255 255 255 255 255 8 4 0 255 255 12 15 255 1 5 7 11 6 2 9 3 16 10 14 13
13 11 3 9 255 14 6 7 5 255 10 2 0 1 255 16 12 4 255 255 15 8 255 255 255
0 4 8 12 15 255 13 14 10 16 255 9 5 6 11 255 255 1 2 7 255 255 255 255 3
2 6 10 16 15 255 11 14 5 12 255 7 13 9 8 255 3 255 1 4 255 255 255 255 0
255 255 255 255 255 15 12 8 255 255 7 3 4 0 255 16 10 14 13 1 11 6 2 9 5
255 255 3 7 15 255 255 12 11 16 255 255 8 6 10 255 1 4 2 14 255 5 0 9 13
13 14 10 16 15 9 5 6 11 7 255 1 2 12 3 255 255 255 8 4 255 255 255 255 0
255 14 10 16 3 255 13 6 11 7 255 9 2 15 12 255 5 1 255 8 255 255 255 0 4
2 255 255 255 255 6 11 7 3 255 10 14 13 255 255 16 5 9 1 255 15 12 8 4 0
255 255 255 255 255 255 0 4 8 12 13 14 10 16 15 9 5 6 11 7 255 1 2 255 3
15 16 11 7 3 12 10 6 2 255 8 14 5 1 255 4 13 9 255 255 0 255 255 255 255
255 255 255 255 255 12 8 4 255 255 15 2 0 255 1 16 6 11 7 5 10 14 13 3 9
255 3 7 13 5 255 255 11 14 9 255 0 6 10 1 255 4 2 16 255 255 8 12 15 255
255 255 255 255 255 255 1 5 9 13 255 8 12 15 14 0 4 2 6 10 255 3 7 11 16
10 16 7 3 8 14 6 11 15 12 13 2 255 255 4 9 5 1 255 0 255 255 255 255 255
255 255 255 255 255 8 4 0 255 255 12 15 9 5 255 14 13 2 1 3 10 16 6 11 7
3 7 15 8 0 255 11 16 12 4 255 6 10 255 255 1 2 14 255 255 5 9 13 255 255

