1000
3 7 6 10 8 4 2 12 255 0 5 13 255 1 9 11
11 9 5 1 13 3 8 255 12 7 4 0 10 6 2 255
12 13 9 1 10 11 0 5 6 4 3 255 2 7 8 255
255 255 1 5 0 8 3 9 4 7 11 13 2 6 10 12
3 7 6 10 8 4 2 12 255 0 5 13 255 1 9 11
11 9 5 1 13 3 8 255 12 7 4 0 10 6 2 255
12 13 9 1 10 11 0 5 6 4 3 255 2 7 8 255
255 255 1 5 0 8 3 9 4 7 11 13 2 6 10 12
3 7 6 10 8 4 2 12 255 0 5 13 255 1 9 11
11 9 5 1 13 3 8 255 12 7 4 0 10 6 2 255
12 13 9 1 10 11 0 5 6 4 3 255 2 7 8 255
255 255 1 5 0 8 3 9 4 7 11 13 2 6 10 12
3 7 6 10 8 4 2 12 255 0 5 13 255 1 9 11
11 9 5 1 13 3 8 255 12 7 4 0 10 6 2 255
12 13 9 1 10 11 0 5 6 4 3 255 2 7 8 255
255 255 1 5 0 8 3 9 4 7 11 13 2 6 10 12
3 7 6 10 8 4 2 12 255 0 5 13 255 1 9 11
11 9 5 1 13 3 8 255 12 7 4 0 10 6 2 255
12 13 9 1 10 11 0 5 6 4 3 255 2 7 8 255
255 255 1 5 0 8 3 9 4 7 11 13 2 6 10 12
3 7 6 10 8 4 2 12 255 0 5 13 255 1 9 11
11 9 5 1 13 3 8 255 12 7 4 0 10 6 2 255
12 13 9 1 10 11 0 5 6 4 3 255 2 7 8 255
255 255 1 5 0 8 3 9 4 7 11 13 2 6 10 12
3 7 6 10 8 4 2 12 255 0 5 13 255 1 9 11
11 9 5 1 13 3 8 255 12 7 4 0 10 6 2 255
12 13 9 1 10 11 0 5 6 4 3 255 2 7 8 255
255 255 1 5 0 8 3 9 4 7 11 13 2 6 10 12
3 7 6 10 8 4 2 12 255 0 5 13 255 1 9 11
11 9 5 1 13 3 8 255 12 7 4 0 10 6 2 255
12 13 9 1 10 11 0 5 6 4 3 255 2 7 8 255
255 255 1 5 0 8 3 9 4 7 11 13 2 6 10 12
255 3 1 5 12 13 11 9 10 7 4 8 6 2 0 255
0 4 10 12 8 7 6 13 255 3 2 11 255 1 5 9
255 255 8 3 1 0 4 7 9 5 2 6 11 13 12 10
9 11 13 12 5 0 4 10 1 8 7 6 255 255 3 2
255 3 1 5 12 13 11 9 10 7 4 8 6 2 0 255
0 4 10 12 8 7 6 13 255 3 2 11 255 1 5 9
255 255 8 3 1 0 4 7 9 5 2 6 11 13 12 10
9 11 13 12 5 0 4 10 1 8 7 6 255 255 3 2
255 3 1 5 12 13 11 9 10 7 4 8 6 2 0 255
0 4 10 12 8 7 6 13 255 3 2 11 255 1 5 9
255 255 8 3 1 0 4 7 9 5 2 6 11 13 12 10
9 11 13 12 5 0 4 10 1 8 7 6 255 255 3 2
255 3 1 5 12 13 11 9 10 7 4 8 6 2 0 255
0 4 10 12 8 7 6 13 255 3 2 11 255 1 5 9
255 255 8 3 1 0 4 7 9 5 2 6 11 13 12 10
9 11 13 12 5 0 4 10 1 8 7 6 255 255 3 2
255 3 1 5 12 13 11 9 10 7 4 8 6 2 0 255
0 4 10 12 8 7 6 13 255 3 2 11 255 1 5 9
255 255 8 3 1 0 4 7 9 5 2 6 11 13 12 10
9 11 13 12 5 0 4 10 1 8 7 6 255 255 3 2
255 3 1 5 12 13 11 9 10 7 4 8 6 2 0 255
0 4 10 12 8 7 6 13 255 3 2 11 255 1 5 9
255 255 8 3 1 0 4 7 9 5 2 6 11 13 12 10
9 11 13 12 5 0 4 10 1 8 7 6 255 255 3 2
255 3 1 5 12 13 11 9 10 7 4 8 6 2 0 255
0 4 10 12 8 7 6 13 255 3 2 11 255 1 5 9
255 255 8 3 1 0 4 7 9 5 2 6 11 13 12 10
9 11 13 12 5 0 4 10 1 8 7 6 255 255 3 2
255 3 1 5 12 13 11 9 10 7 4 8 6 2 0 255
0 4 10 12 8 7 6 13 255 3 2 11 255 1 5 9
255 255 8 3 1 0 4 7 9 5 2 6 11 13 12 10
9 11 13 12 5 0 4 10 1 8 7 6 255 255 3 2
255 1 5 9 10 12 13 11 6 7 8 3 2 4 0 255
12 6 3 7 13 10 2 4 11 5 8 0 9 1 255 255
255 255 8 0 1 3 7 4 5 2 6 10 9 11 13 12
5 9 11 13 1 0 4 12 255 8 7 10 255 3 2 6
255 1 5 9 10 12 13 11 6 7 8 3 2 4 0 255
12 6 3 7 13 10 2 4 11 5 8 0 9 1 255 255
255 255 8 0 1 3 7 4 5 2 6 10 9 11 13 12
5 9 11 13 1 0 4 12 255 8 7 10 255 3 2 6
255 1 5 9 10 12 13 11 6 7 8 3 2 4 0 255
12 6 3 7 13 10 2 4 11 5 8 0 9 1 255 255
255 255 8 0 1 3 7 4 5 2 6 10 9 11 13 12
5 9 11 13 1 0 4 12 255 8 7 10 255 3 2 6
255 1 5 9 10 12 13 11 6 7 8 3 2 4 0 255
12 6 3 7 13 10 2 4 11 5 8 0 9 1 255 255
255 255 8 0 1 3 7 4 5 2 6 10 9 11 13 12
5 9 11 13 1 0 4 12 255 8 7 10 255 3 2 6
255 1 5 9 10 12 13 11 6 7 8 3 2 4 0 255
12 6 3 7 13 10 2 4 11 5 8 0 9 1 255 255
255 255 8 0 1 3 7 4 5 2 6 10 9 11 13 12
5 9 11 13 1 0 4 12 255 8 7 10 255 3 2 6
255 1 5 9 10 12 13 11 6 7 8 3 2 4 0 255
12 6 3 7 13 10 2 4 11 5 8 0 9 1 255 255
255 255 8 0 1 3 7 4 5 2 6 10 9 11 13 12
5 9 11 13 1 0 4 12 255 8 7 10 255 3 2 6
255 1 5 9 10 12 13 11 6 7 8 3 2 4 0 255
12 6 3 7 13 10 2 4 11 5 8 0 9 1 255 255
255 255 8 0 1 3 7 4 5 2 6 10 9 11 13 12
5 9 11 13 1 0 4 12 255 8 7 10 255 3 2 6
255 1 5 9 10 12 13 11 6 7 8 3 2 4 0 255
12 6 3 7 13 10 2 4 11 5 8 0 9 1 255 255
255 255 8 0 1 3 7 4 5 2 6 10 9 11 13 12
5 9 11 13 1 0 4 12 255 8 7 10 255 3 2 6
9 11 1 255 5 13 0 8 2 12 4 3 6 10 7 255
1 5 3 9 255 8 11 13 0 4 7 12 255 2 6 10
0 4 10 12 8 7 6 13 255 3 2 11 255 1 5 9
255 255 8 3 1 0 4 7 9 5 2 6 11 13 12 10
9 11 1 255 5 13 0 8 2 12 4 3 6 10 7 255
1 5 3 9 255 8 11 13 0 4 7 12 255 2 6 10
0 4 10 12 8 7 6 13 255 3 2 11 255 1 5 9
255 255 8 3 1 0 4 7 9 5 2 6 11 13 12 10
9 11 1 255 5 13 0 8 2 12 4 3 6 10 7 255
1 5 3 9 255 8 11 13 0 4 7 12 255 2 6 10
0 4 10 12 8 7 6 13 255 3 2 11 255 1 5 9
255 255 8 3 1 0 4 7 9 5 2 6 11 13 12 10
9 11 1 255 5 13 0 8 2 12 4 3 6 10 7 255
1 5 3 9 255 8 11 13 0 4 7 12 255 2 6 10
0 4 10 12 8 7 6 13 255 3 2 11 255 1 5 9
255 255 8 3 1 0 4 7 9 5 2 6 11 13 12 10
9 11 1 255 5 13 0 8 2 12 4 3 6 10 7 255
1 5 3 9 255 8 11 13 0 4 7 12 255 2 6 10
0 4 10 12 8 7 6 13 255 3 2 11 255 1 5 9
255 255 8 3 1 0 4 7 9 5 2 6 11 13 12 10
9 11 1 255 5 13 0 8 2 12 4 3 6 10 7 255
1 5 3 9 255 8 11 13 0 4 7 12 255 2 6 10
0 4 10 12 8 7 6 13 255 3 2 11 255 1 5 9
255 255 8 3 1 0 4 7 9 5 2 6 11 13 12 10
9 11 1 255 5 13 0 8 2 12 4 3 6 10 7 255
1 5 3 9 255 8 11 13 0 4 7 12 255 2 6 10
0 4 10 12 8 7 6 13 255 3 2 11 255 1 5 9
255 255 8 3 1 0 4 7 9 5 2 6 11 13 12 10
9 11 1 255 5 13 0 8 2 12 4 3 6 10 7 255
1 5 3 9 255 8 11 13 0 4 7 12 255 2 6 10
0 4 10 12 8 7 6 13 255 3 2 11 255 1 5 9
255 255 8 3 1 0 4 7 9 5 2 6 11 13 12 10
5 1 3 255 9 11 13 12 8 4 7 10 255 0 2 6
1 5 12 10 255 9 13 6 255 8 11 2 3 0 4 7
3 8 255 255 7 4 0 1 6 2 5 9 10 12 13 11
11 5 9 1 13 2 0 255 12 6 4 255 10 7 8 3
5 1 3 255 9 11 13 12 8 4 7 10 255 0 2 6
1 5 12 10 255 9 13 6 255 8 11 2 3 0 4 7
3 8 255 255 7 4 0 1 6 2 5 9 10 12 13 11
11 5 9 1 13 2 0 255 12 6 4 255 10 7 8 3
5 1 3 255 9 11 13 12 8 4 7 10 255 0 2 6
1 5 12 10 255 9 13 6 255 8 11 2 3 0 4 7
3 8 255 255 7 4 0 1 6 2 5 9 10 12 13 11
11 5 9 1 13 2 0 255 12 6 4 255 10 7 8 3
5 1 3 255 9 11 13 12 8 4 7 10 255 0 2 6
1 5 12 10 255 9 13 6 255 8 11 2 3 0 4 7
3 8 255 255 7 4 0 1 6 2 5 9 10 12 13 11
11 5 9 1 13 2 0 255 12 6 4 255 10 7 8 3
5 1 3 255 9 11 13 12 8 4 7 10 255 0 2 6
1 5 12 10 255 9 13 6 255 8 11 2 3 0 4 7
3 8 255 255 7 4 0 1 6 2 5 9 10 12 13 11
11 5 9 1 13 2 0 255 12 6 4 255 10 7 8 3
5 1 3 255 9 11 13 12 8 4 7 10 255 0 2 6
1 5 12 10 255 9 13 6 255 8 11 2 3 0 4 7
3 8 255 255 7 4 0 1 6 2 5 9 10 12 13 11
11 5 9 1 13 2 0 255 12 6 4 255 10 7 8 3
5 1 3 255 9 11 13 12 8 4 7 10 255 0 2 6
1 5 12 10 255 9 13 6 255 8 11 2 3 0 4 7
3 8 255 255 7 4 0 1 6 2 5 9 10 12 13 11
11 5 9 1 13 2 0 255 12 6 4 255 10 7 8 3
5 1 3 255 9 11 13 12 8 4 7 10 255 0 2 6
1 5 12 10 255 9 13 6 255 8 11 2 3 0 4 7
3 8 255 255 7 4 0 1 6 2 5 9 10 12 13 11
11 5 9 1 13 2 0 255 12 6 4 255 10 7 8 3
255 10 6 2 1 12 7 4 5 13 8 0 9 11 3 255
12 13 11 255 10 3 9 5 6 7 8 1 2 4 0 255
255 0 12 13 8 4 10 11 255 7 6 9 1 3 2 5
9 5 1 255 0 8 3 255 11 13 12 10 4 7 2 6
255 10 6 2 1 12 7 4 5 13 8 0 9 11 3 255
12 13 11 255 10 3 9 5 6 7 8 1 2 4 0 255
255 0 12 13 8 4 10 11 255 7 6 9 1 3 2 5
9 5 1 255 0 8 3 255 11 13 12 10 4 7 2 6
255 10 6 2 1 12 7 4 5 13 8 0 9 11 3 255
12 13 11 255 10 3 9 5 6 7 8 1 2 4 0 255
255 0 12 13 8 4 10 11 255 7 6 9 1 3 2 5
9 5 1 255 0 8 3 255 11 13 12 10 4 7 2 6
255 10 6 2 1 12 7 4 5 13 8 0 9 11 3 255
12 13 11 255 10 3 9 5 6 7 8 1 2 4 0 255
255 0 12 13 8 4 10 11 255 7 6 9 1 3 2 5
9 5 1 255 0 8 3 255 11 13 12 10 4 7 2 6
255 10 6 2 1 12 7 4 5 13 8 0 9 11 3 255
12 13 11 255 10 3 9 5 6 7 8 1 2 4 0 255
255 0 12 13 8 4 10 11 255 7 6 9 1 3 2 5
9 5 1 255 0 8 3 255 11 13 12 10 4 7 2 6
255 10 6 2 1 12 7 4 5 13 8 0 9 11 3 255
12 13 11 255 10 3 9 5 6 7 8 1 2 4 0 255
255 0 12 13 8 4 10 11 255 7 6 9 1 3 2 5
9 5 1 255 0 8 3 255 11 13 12 10 4 7 2 6
255 10 6 2 1 12 7 4 5 13 8 0 9 11 3 255
12 13 11 255 10 3 9 5 6 7 8 1 2 4 0 255
255 0 12 13 8 4 10 11 255 7 6 9 1 3 2 5
9 5 1 255 0 8 3 255 11 13 12 10 4 7 2 6
255 10 6 2 1 12 7 4 5 13 8 0 9 11 3 255
12 13 11 255 10 3 9 5 6 7 8 1 2 4 0 255
255 0 12 13 8 4 10 11 255 7 6 9 1 3 2 5
9 5 1 255 0 8 3 255 11 13 12 10 4 7 2 6
255 255 8 0 1 3 7 4 5 2 6 10 9 11 13 12
5 9 11 13 1 0 4 12 255 8 7 10 255 3 2 6
255 1 5 9 10 12 13 11 6 7 8 3 2 4 0 255
12 6 3 7 13 10 2 4 11 5 8 0 9 1 255 255
255 255 8 0 1 3 7 4 5 2 6 10 9 11 13 12
5 9 11 13 1 0 4 12 255 8 7 10 255 3 2 6
255 1 5 9 10 12 13 11 6 7 8 3 2 4 0 255
12 6 3 7 13 10 2 4 11 5 8 0 9 1 255 255
255 255 8 0 1 3 7 4 5 2 6 10 9 11 13 12
5 9 11 13 1 0 4 12 255 8 7 10 255 3 2 6
255 1 5 9 10 12 13 11 6 7 8 3 2 4 0 255
12 6 3 7 13 10 2 4 11 5 8 0 9 1 255 255
255 255 8 0 1 3 7 4 5 2 6 10 9 11 13 12
5 9 11 13 1 0 4 12 255 8 7 10 255 3 2 6
255 1 5 9 10 12 13 11 6 7 8 3 2 4 0 255
12 6 3 7 13 10 2 4 11 5 8 0 9 1 255 255
255 255 8 0 1 3 7 4 5 2 6 10 9 11 13 12
5 9 11 13 1 0 4 12 255 8 7 10 255 3 2 6
255 1 5 9 10 12 13 11 6 7 8 3 2 4 0 255
12 6 3 7 13 10 2 4 11 5 8 0 9 1 255 255
255 255 8 0 1 3 7 4 5 2 6 10 9 11 13 12
5 9 11 13 1 0 4 12 255 8 7 10 255 3 2 6
255 1 5 9 10 12 13 11 6 7 8 3 2 4 0 255
12 6 3 7 13 10 2 4 11 5 8 0 9 1 255 255
255 255 8 0 1 3 7 4 5 2 6 10 9 11 13 12
5 9 11 13 1 0 4 12 255 8 7 10 255 3 2 6
255 1 5 9 10 12 13 11 6 7 8 3 2 4 0 255
12 6 3 7 13 10 2 4 11 5 8 0 9 1 255 255
255 255 8 0 1 3 7 4 5 2 6 10 9 11 13 12
5 9 11 13 1 0 4 12 255 8 7 10 255 3 2 6
255 1 5 9 10 12 13 11 6 7 8 3 2 4 0 255
12 6 3 7 13 10 2 4 11 5 8 0 9 1 255 255
255 13 12 10 3 11 7 6 9 8 4 2 5 1 0 255
1 255 255 3 5 9 8 0 12 13 11 4 10 6 2 7
3 7 6 10 8 4 2 12 255 0 5 13 255 1 9 11
11 13 12 10 9 3 7 6 5 8 4 2 1 255 0 255
255 13 12 10 3 11 7 6 9 8 4 2 5 1 0 255
1 255 255 3 5 9 8 0 12 13 11 4 10 6 2 7
3 7 6 10 8 4 2 12 255 0 5 13 255 1 9 11
11 13 12 10 9 3 7 6 5 8 4 2 1 255 0 255
255 13 12 10 3 11 7 6 9 8 4 2 5 1 0 255
1 255 255 3 5 9 8 0 12 13 11 4 10 6 2 7
3 7 6 10 8 4 2 12 255 0 5 13 255 1 9 11
11 13 12 10 9 3 7 6 5 8 4 2 1 255 0 255
255 13 12 10 3 11 7 6 9 8 4 2 5 1 0 255
1 255 255 3 5 9 8 0 12 13 11 4 10 6 2 7
3 7 6 10 8 4 2 12 255 0 5 13 255 1 9 11
11 13 12 10 9 3 7 6 5 8 4 2 1 255 0 255
255 13 12 10 3 11 7 6 9 8 4 2 5 1 0 255
1 255 255 3 5 9 8 0 12 13 11 4 10 6 2 7
3 7 6 10 8 4 2 12 255 0 5 13 255 1 9 11
11 13 12 10 9 3 7 6 5 8 4 2 1 255 0 255
255 13 12 10 3 11 7 6 9 8 4 2 5 1 0 255
1 255 255 3 5 9 8 0 12 13 11 4 10 6 2 7
3 7 6 10 8 4 2 12 255 0 5 13 255 1 9 11
11 13 12 10 9 3 7 6 5 8 4 2 1 255 0 255
255 13 12 10 3 11 7 6 9 8 4 2 5 1 0 255
1 255 255 3 5 9 8 0 12 13 11 4 10 6 2 7
3 7 6 10 8 4 2 12 255 0 5 13 255 1 9 11
11 13 12 10 9 3 7 6 5 8 4 2 1 255 0 255
255 13 12 10 3 11 7 6 9 8 4 2 5 1 0 255
1 255 255 3 5 9 8 0 12 13 11 4 10 6 2 7
3 7 6 10 8 4 2 12 255 0 5 13 255 1 9 11
11 13 12 10 9 3 7 6 5 8 4 2 1 255 0 255
255 1 5 9 10 12 13 11 6 7 8 3 2 4 0 255
12 6 3 7 13 10 2 4 11 5 8 0 9 1 255 255
255 255 8 0 1 3 7 4 5 2 6 10 9 11 13 12
5 9 11 13 1 0 4 12 255 8 7 10 255 3 2 6
255 1 5 9 10 12 13 11 6 7 8 3 2 4 0 255
12 6 3 7 13 10 2 4 11 5 8 0 9 1 255 255
255 255 8 0 1 3 7 4 5 2 6 10 9 11 13 12
5 9 11 13 1 0 4 12 255 8 7 10 255 3 2 6
255 1 5 9 10 12 13 11 6 7 8 3 2 4 0 255
12 6 3 7 13 10 2 4 11 5 8 0 9 1 255 255
255 255 8 0 1 3 7 4 5 2 6 10 9 11 13 12
5 9 11 13 1 0 4 12 255 8 7 10 255 3 2 6
255 1 5 9 10 12 13 11 6 7 8 3 2 4 0 255
12 6 3 7 13 10 2 4 11 5 8 0 9 1 255 255
255 255 8 0 1 3 7 4 5 2 6 10 9 11 13 12
5 9 11 13 1 0 4 12 255 8 7 10 255 3 2 6
255 1 5 9 10 12 13 11 6 7 8 3 2 4 0 255
12 6 3 7 13 10 2 4 11 5 8 0 9 1 255 255
255 255 8 0 1 3 7 4 5 2 6 10 9 11 13 12
5 9 11 13 1 0 4 12 255 8 7 10 255 3 2 6
255 1 5 9 10 12 13 11 6 7 8 3 2 4 0 255
12 6 3 7 13 10 2 4 11 5 8 0 9 1 255 255
255 255 8 0 1 3 7 4 5 2 6 10 9 11 13 12
5 9 11 13 1 0 4 12 255 8 7 10 255 3 2 6
255 1 5 9 10 12 13 11 6 7 8 3 2 4 0 255
12 6 3 7 13 10 2 4 11 5 8 0 9 1 255 255
255 255 8 0 1 3 7 4 5 2 6 10 9 11 13 12
5 9 11 13 1 0 4 12 255 8 7 10 255 3 2 6
255 1 5 9 10 12 13 11 6 7 8 3 2 4 0 255
12 6 3 7 13 10 2 4 11 5 8 0 9 1 255 255
255 255 8 0 1 3 7 4 5 2 6 10 9 11 13 12
5 9 11 13 1 0 4 12 255 8 7 10 255 3 2 6
7 6 10 3 4 2 12 255 0 8 13 255 5 9 11 1
1 5 9 11 255 8 3 13 0 4 7 12 255 2 6 10
13 12 10 6 11 3 7 2 9 5 4 0 255 1 8 255
5 1 255 255 9 3 8 0 13 11 7 4 12 10 6 2
7 6 10 3 4 2 12 255 0 8 13 255 5 9 11 1
1 5 9 11 255 8 3 13 0 4 7 12 255 2 6 10
13 12 10 6 11 3 7 2 9 5 4 0 255 1 8 255
5 1 255 255 9 3 8 0 13 11 7 4 12 10 6 2
7 6 10 3 4 2 12 255 0 8 13 255 5 9 11 1
1 5 9 11 255 8 3 13 0 4 7 12 255 2 6 10
13 12 10 6 11 3 7 2 9 5 4 0 255 1 8 255
5 1 255 255 9 3 8 0 13 11 7 4 12 10 6 2
7 6 10 3 4 2 12 255 0 8 13 255 5 9 11 1
1 5 9 11 255 8 3 13 0 4 7 12 255 2 6 10
13 12 10 6 11 3 7 2 9 5 4 0 255 1 8 255
5 1 255 255 9 3 8 0 13 11 7 4 12 10 6 2
7 6 10 3 4 2 12 255 0 8 13 255 5 9 11 1
1 5 9 11 255 8 3 13 0 4 7 12 255 2 6 10
13 12 10 6 11 3 7 2 9 5 4 0 255 1 8 255
5 1 255 255 9 3 8 0 13 11 7 4 12 10 6 2
7 6 10 3 4 2 12 255 0 8 13 255 5 9 11 1
1 5 9 11 255 8 3 13 0 4 7 12 255 2 6 10
13 12 10 6 11 3 7 2 9 5 4 0 255 1 8 255
5 1 255 255 9 3 8 0 13 11 7 4 12 10 6 2
7 6 10 3 4 2 12 255 0 8 13 255 5 9 11 1
1 5 9 11 255 8 3 13 0 4 7 12 255 2 6 10
13 12 10 6 11 3 7 2 9 5 4 0 255 1 8 255
5 1 255 255 9 3 8 0 13 11 7 4 12 10 6 2
7 6 10 3 4 2 12 255 0 8 13 255 5 9 11 1
1 5 9 11 255 8 3 13 0 4 7 12 255 2 6 10
13 12 10 6 11 3 7 2 9 5 4 0 255 1 8 255
5 1 255 255 9 3 8 0 13 11 7 4 12 10 6 2
3 7 6 10 8 4 2 12 255 0 5 13 255 1 9 11
11 13 12 10 9 3 7 6 5 8 4 2 1 255 0 255
255 13 12 10 3 11 7 6 9 8 4 2 5 1 0 255
1 255 255 3 5 9 8 0 12 13 11 4 10 6 2 7
3 7 6 10 8 4 2 12 255 0 5 13 255 1 9 11
11 13 12 10 9 3 7 6 5 8 4 2 1 255 0 255
255 13 12 10 3 11 7 6 9 8 4 2 5 1 0 255
1 255 255 3 5 9 8 0 12 13 11 4 10 6 2 7
3 7 6 10 8 4 2 12 255 0 5 13 255 1 9 11
11 13 12 10 9 3 7 6 5 8 4 2 1 255 0 255
255 13 12 10 3 11 7 6 9 8 4 2 5 1 0 255
1 255 255 3 5 9 8 0 12 13 11 4 10 6 2 7
3 7 6 10 8 4 2 12 255 0 5 13 255 1 9 11
11 13 12 10 9 3 7 6 5 8 4 2 1 255 0 255
255 13 12 10 3 11 7 6 9 8 4 2 5 1 0 255
1 255 255 3 5 9 8 0 12 13 11 4 10 6 2 7
3 7 6 10 8 4 2 12 255 0 5 13 255 1 9 11
11 13 12 10 9 3 7 6 5 8 4 2 1 255 0 255
255 13 12 10 3 11 7 6 9 8 4 2 5 1 0 255
1 255 255 3 5 9 8 0 12 13 11 4 10 6 2 7
3 7 6 10 8 4 2 12 255 0 5 13 255 1 9 11
11 13 12 10 9 3 7 6 5 8 4 2 1 255 0 255
255 13 12 10 3 11 7 6 9 8 4 2 5 1 0 255
1 255 255 3 5 9 8 0 12 13 11 4 10 6 2 7
3 7 6 10 8 4 2 12 255 0 5 13 255 1 9 11
11 13 12 10 9 3 7 6 5 8 4 2 1 255 0 255
255 13 12 10 3 11 7 6 9 8 4 2 5 1 0 255
1 255 255 3 5 9 8 0 12 13 11 4 10 6 2 7
3 7 6 10 8 4 2 12 255 0 5 13 255 1 9 11
11 13 12 10 9 3 7 6 5 8 4 2 1 255 0 255
255 13 12 10 3 11 7 6 9 8 4 2 5 1 0 255
1 255 255 3 5 9 8 0 12 13 11 4 10 6 2 7
3 255 255 1 0 8 9 5 4 11 13 12 7 2 6 10
255 255 10 6 1 3 12 2 5 8 13 7 9 0 11 4
10 12 13 11 6 7 3 9 2 4 8 5 255 0 255 1
13 10 2 255 11 12 6 255 9 3 7 8 5 0 4 1
3 255 255 1 0 8 9 5 4 11 13 12 7 2 6 10
255 255 10 6 1 3 12 2 5 8 13 7 9 0 11 4
10 12 13 11 6 7 3 9 2 4 8 5 255 0 255 1
13 10 2 255 11 12 6 255 9 3 7 8 5 0 4 1
3 255 255 1 0 8 9 5 4 11 13 12 7 2 6 10
255 255 10 6 1 3 12 2 5 8 13 7 9 0 11 4
10 12 13 11 6 7 3 9 2 4 8 5 255 0 255 1
13 10 2 255 11 12 6 255 9 3 7 8 5 0 4 1
3 255 255 1 0 8 9 5 4 11 13 12 7 2 6 10
255 255 10 6 1 3 12 2 5 8 13 7 9 0 11 4
10 12 13 11 6 7 3 9 2 4 8 5 255 0 255 1
13 10 2 255 11 12 6 255 9 3 7 8 5 0 4 1
3 255 255 1 0 8 9 5 4 11 13 12 7 2 6 10
255 255 10 6 1 3 12 2 5 8 13 7 9 0 11 4
10 12 13 11 6 7 3 9 2 4 8 5 255 0 255 1
13 10 2 255 11 12 6 255 9 3 7 8 5 0 4 1
3 255 255 1 0 8 9 5 4 11 13 12 7 2 6 10
255 255 10 6 1 3 12 2 5 8 13 7 9 0 11 4
10 12 13 11 6 7 3 9 2 4 8 5 255 0 255 1
13 10 2 255 11 12 6 255 9 3 7 8 5 0 4 1
3 255 255 1 0 8 9 5 4 11 13 12 7 2 6 10
255 255 10 6 1 3 12 2 5 8 13 7 9 0 11 4
10 12 13 11 6 7 3 9 2 4 8 5 255 0 255 1
13 10 2 255 11 12 6 255 9 3 7 8 5 0 4 1
3 255 255 1 0 8 9 5 4 11 13 12 7 2 6 10
255 255 10 6 1 3 12 2 5 8 13 7 9 0 11 4
10 12 13 11 6 7 3 9 2 4 8 5 255 0 255 1
13 10 2 255 11 12 6 255 9 3 7 8 5 0 4 1
255 1 9 11 255 0 5 13 8 4 2 12 3 7 6 10
9 5 1 255 11 13 12 10 3 8 7 6 255 0 4 2
255 12 10 6 3 13 7 2 1 11 4 0 5 9 8 255
0 8 255 255 4 7 3 1 10 6 2 5 12 13 11 9
255 1 9 11 255 0 5 13 8 4 2 12 3 7 6 10
9 5 1 255 11 13 12 10 3 8 7 6 255 0 4 2
255 12 10 6 3 13 7 2 1 11 4 0 5 9 8 255
0 8 255 255 4 7 3 1 10 6 2 5 12 13 11 9
255 1 9 11 255 0 5 13 8 4 2 12 3 7 6 10
9 5 1 255 11 13 12 10 3 8 7 6 255 0 4 2
255 12 10 6 3 13 7 2 1 11 4 0 5 9 8 255
0 8 255 255 4 7 3 1 10 6 2 5 12 13 11 9
255 1 9 11 255 0 5 13 8 4 2 12 3 7 6 10
9 5 1 255 11 13 12 10 3 8 7 6 255 0 4 2
255 12 10 6 3 13 7 2 1 11 4 0 5 9 8 255
0 8 255 255 4 7 3 1 10 6 2 5 12 13 11 9
255 1 9 11 255 0 5 13 8 4 2 12 3 7 6 10
9 5 1 255 11 13 12 10 3 8 7 6 255 0 4 2
255 12 10 6 3 13 7 2 1 11 4 0 5 9 8 255
0 8 255 255 4 7 3 1 10 6 2 5 12 13 11 9
255 1 9 11 255 0 5 13 8 4 2 12 3 7 6 10
9 5 1 255 11 13 12 10 3 8 7 6 255 0 4 2
255 12 10 6 3 13 7 2 1 11 4 0 5 9 8 255
0 8 255 255 4 7 3 1 10 6 2 5 12 13 11 9
255 1 9 11 255 0 5 13 8 4 2 12 3 7 6 10
9 5 1 255 11 13 12 10 3 8 7 6 255 0 4 2
255 12 10 6 3 13 7 2 1 11 4 0 5 9 8 255
0 8 255 255 4 7 3 1 10 6 2 5 12 13 11 9
255 1 9 11 255 0 5 13 8 4 2 12 3 7 6 10
9 5 1 255 11 13 12 10 3 8 7 6 255 0 4 2
255 12 10 6 3 13 7 2 1 11 4 0 5 9 8 255
0 8 255 255 4 7 3 1 10 6 2 5 12 13 11 9
255 255 1 5 0 8 3 9 4 7 11 13 2 6 10 12
3 7 6 10 8 4 2 12 255 0 5 13 255 1 9 11
11 9 5 1 13 3 8 255 12 7 4 0 10 6 2 255
12 13 9 1 10 11 0 5 6 4 3 255 2 7 8 255
255 255 1 5 0 8 3 9 4 7 11 13 2 6 10 12
3 7 6 10 8 4 2 12 255 0 5 13 255 1 9 11
11 9 5 1 13 3 8 255 12 7 4 0 10 6 2 255
12 13 9 1 10 11 0 5 6 4 3 255 2 7 8 255
255 255 1 5 0 8 3 9 4 7 11 13 2 6 10 12
3 7 6 10 8 4 2 12 255 0 5 13 255 1 9 11
11 9 5 1 13 3 8 255 12 7 4 0 10 6 2 255
12 13 9 1 10 11 0 5 6 4 3 255 2 7 8 255
255 255 1 5 0 8 3 9 4 7 11 13 2 6 10 12
3 7 6 10 8 4 2 12 255 0 5 13 255 1 9 11
11 9 5 1 13 3 8 255 12 7 4 0 10 6 2 255
12 13 9 1 10 11 0 5 6 4 3 255 2 7 8 255
255 255 1 5 0 8 3 9 4 7 11 13 2 6 10 12
3 7 6 10 8 4 2 12 255 0 5 13 255 1 9 11
11 9 5 1 13 3 8 255 12 7 4 0 10 6 2 255
12 13 9 1 10 11 0 5 6 4 3 255 2 7 8 255
255 255 1 5 0 8 3 9 4 7 11 13 2 6 10 12
3 7 6 10 8 4 2 12 255 0 5 13 255 1 9 11
11 9 5 1 13 3 8 255 12 7 4 0 10 6 2 255
12 13 9 1 10 11 0 5 6 4 3 255 2 7 8 255
255 255 1 5 0 8 3 9 4 7 11 13 2 6 10 12
3 7 6 10 8 4 2 12 255 0 5 13 255 1 9 11
11 9 5 1 13 3 8 255 12 7 4 0 10 6 2 255
12 13 9 1 10 11 0 5 6 4 3 255 2 7 8 255
255 255 1 5 0 8 3 9 4 7 11 13 2 6 10 12
3 7 6 10 8 4 2 12 255 0 5 13 255 1 9 11
11 9 5 1 13 3 8 255 12 7 4 0 10 6 2 255
12 13 9 1 10 11 0 5 6 4 3 255 2 7 8 255
0 4 10 12 8 7 6 13 255 3 2 11 255 1 5 9
255 255 8 3 1 0 4 7 9 5 2 6 11 13 12 10
9 11 13 12 5 0 4 10 1 8 7 6 255 255 3 2
255 3 1 5 12 13 11 9 10 7 4 8 6 2 0 255
0 4 10 12 8 7 6 13 255 3 2 11 255 1 5 9
255 255 8 3 1 0 4 7 9 5 2 6 11 13 12 10
9 11 13 12 5 0 4 10 1 8 7 6 255 255 3 2
255 3 1 5 12 13 11 9 10 7 4 8 6 2 0 255
0 4 10 12 8 7 6 13 255 3 2 11 255 1 5 9
255 255 8 3 1 0 4 7 9 5 2 6 11 13 12 10
9 11 13 12 5 0 4 10 1 8 7 6 255 255 3 2
255 3 1 5 12 13 11 9 10 7 4 8 6 2 0 255
0 4 10 12 8 7 6 13 255 3 2 11 255 1 5 9
255 255 8 3 1 0 4 7 9 5 2 6 11 13 12 10
9 11 13 12 5 0 4 10 1 8 7 6 255 255 3 2
255 3 1 5 12 13 11 9 10 7 4 8 6 2 0 255
0 4 10 12 8 7 6 13 255 3 2 11 255 1 5 9
255 255 8 3 1 0 4 7 9 5 2 6 11 13 12 10
9 11 13 12 5 0 4 10 1 8 7 6 255 255 3 2
255 3 1 5 12 13 11 9 10 7 4 8 6 2 0 255
0 4 10 12 8 7 6 13 255 3 2 11 255 1 5 9
255 255 8 3 1 0 4 7 9 5 2 6 11 13 12 10
9 11 13 12 5 0 4 10 1 8 7 6 255 255 3 2
255 3 1 5 12 13 11 9 10 7 4 8 6 2 0 255
0 4 10 12 8 7 6 13 255 3 2 11 255 1 5 9
255 255 8 3 1 0 4 7 9 5 2 6 11 13 12 10
9 11 13 12 5 0 4 10 1 8 7 6 255 255 3 2
255 3 1 5 12 13 11 9 10 7 4 8 6 2 0 255
0 4 10 12 8 7 6 13 255 3 2 11 255 1 5 9
255 255 8 3 1 0 4 7 9 5 2 6 11 13 12 10
9 11 13 12 5 0 4 10 1 8 7 6 255 255 3 2
255 3 1 5 12 13 11 9 10 7 4 8 6 2 0 255
255 13 12 10 3 11 7 6 9 8 4 2 5 1 0 255
1 255 255 3 5 9 8 0 12 13 11 4 10 6 2 7
3 7 6 10 8 4 2 12 255 0 5 13 255 1 9 11
11 13 12 10 9 3 7 6 5 8 4 2 1 255 0 255
255 13 12 10 3 11 7 6 9 8 4 2 5 1 0 255
1 255 255 3 5 9 8 0 12 13 11 4 10 6 2 7
3 7 6 10 8 4 2 12 255 0 5 13 255 1 9 11
11 13 12 10 9 3 7 6 5 8 4 2 1 255 0 255
255 13 12 10 3 11 7 6 9 8 4 2 5 1 0 255
1 255 255 3 5 9 8 0 12 13 11 4 10 6 2 7
3 7 6 10 8 4 2 12 255 0 5 13 255 1 9 11
11 13 12 10 9 3 7 6 5 8 4 2 1 255 0 255
255 13 12 10 3 11 7 6 9 8 4 2 5 1 0 255
1 255 255 3 5 9 8 0 12 13 11 4 10 6 2 7
3 7 6 10 8 4 2 12 255 0 5 13 255 1 9 11
11 13 12 10 9 3 7 6 5 8 4 2 1 255 0 255
255 13 12 10 3 11 7 6 9 8 4 2 5 1 0 255
1 255 255 3 5 9 8 0 12 13 11 4 10 6 2 7
3 7 6 10 8 4 2 12 255 0 5 13 255 1 9 11
11 13 12 10 9 3 7 6 5 8 4 2 1 255 0 255
255 13 12 10 3 11 7 6 9 8 4 2 5 1 0 255
1 255 255 3 5 9 8 0 12 13 11 4 10 6 2 7
3 7 6 10 8 4 2 12 255 0 5 13 255 1 9 11
11 13 12 10 9 3 7 6 5 8 4 2 1 255 0 255
255 13 12 10 3 11 7 6 9 8 4 2 5 1 0 255
1 255 255 3 5 9 8 0 12 13 11 4 10 6 2 7
3 7 6 10 8 4 2 12 255 0 5 13 255 1 9 11
11 13 12 10 9 3 7 6 5 8 4 2 1 255 0 255
255 13 12 10 3 11 7 6 9 8 4 2 5 1 0 255
1 255 255 3 5 9 8 0 12 13 11 4 10 6 2 7
3 7 6 10 8 4 2 12 255 0 5 13 255 1 9 11
11 13 12 10 9 3 7 6 5 8 4 2 1 255 0 255
3 255 255 1 0 8 9 5 4 11 13 12 7 2 6 10
255 255 10 6 1 3 12 2 5 8 13 7 9 0 11 4
10 12 13 11 6 7 3 9 2 4 8 5 255 0 255 1
13 10 2 255 11 12 6 255 9 3 7 8 5 0 4 1
3 255 255 1 0 8 9 5 4 11 13 12 7 2 6 10
255 255 10 6 1 3 12 2 5 8 13 7 9 0 11 4
10 12 13 11 6 7 3 9 2 4 8 5 255 0 255 1
13 10 2 255 11 12 6 255 9 3 7 8 5 0 4 1
3 255 255 1 0 8 9 5 4 11 13 12 7 2 6 10
255 255 10 6 1 3 12 2 5 8 13 7 9 0 11 4
10 12 13 11 6 7 3 9 2 4 8 5 255 0 255 1
13 10 2 255 11 12 6 255 9 3 7 8 5 0 4 1
3 255 255 1 0 8 9 5 4 11 13 12 7 2 6 10
255 255 10 6 1 3 12 2 5 8 13 7 9 0 11 4
10 12 13 11 6 7 3 9 2 4 8 5 255 0 255 1
13 10 2 255 11 12 6 255 9 3 7 8 5 0 4 1
3 255 255 1 0 8 9 5 4 11 13 12 7 2 6 10
255 255 10 6 1 3 12 2 5 8 13 7 9 0 11 4
10 12 13 11 6 7 3 9 2 4 8 5 255 0 255 1
13 10 2 255 11 12 6 255 9 3 7 8 5 0 4 1
3 255 255 1 0 8 9 5 4 11 13 12 7 2 6 10
255 255 10 6 1 3 12 2 5 8 13 7 9 0 11 4
10 12 13 11 6 7 3 9 2 4 8 5 255 0 255 1
13 10 2 255 11 12 6 255 9 3 7 8 5 0 4 1
3 255 255 1 0 8 9 5 4 11 13 12 7 2 6 10
255 255 10 6 1 3 12 2 5 8 13 7 9 0 11 4
10 12 13 11 6 7 3 9 2 4 8 5 255 0 255 1
13 10 2 255 11 12 6 255 9 3 7 8 5 0 4 1
3 255 255 1 0 8 9 5 4 11 13 12 7 2 6 10
255 255 10 6 1 3 12 2 5 8 13 7 9 0 11 4
10 12 13 11 6 7 3 9 2 4 8 5 255 0 255 1
13 10 2 255 11 12 6 255 9 3 7 8 5 0 4 1
10 6 2 255 12 7 4 0 13 3 8 255 11 9 5 1
13 11 9 255 12 3 5 1 10 7 4 8 6 2 0 255
0 12 13 9 4 10 11 5 7 6 3 1 8 2 255 255
255 1 5 9 255 3 0 8 2 7 4 11 6 10 12 13
10 6 2 255 12 7 4 0 13 3 8 255 11 9 5 1
13 11 9 255 12 3 5 1 10 7 4 8 6 2 0 255
0 12 13 9 4 10 11 5 7 6 3 1 8 2 255 255
255 1 5 9 255 3 0 8 2 7 4 11 6 10 12 13
10 6 2 255 12 7 4 0 13 3 8 255 11 9 5 1
13 11 9 255 12 3 5 1 10 7 4 8 6 2 0 255
0 12 13 9 4 10 11 5 7 6 3 1 8 2 255 255
255 1 5 9 255 3 0 8 2 7 4 11 6 10 12 13
10 6 2 255 12 7 4 0 13 3 8 255 11 9 5 1
13 11 9 255 12 3 5 1 10 7 4 8 6 2 0 255
0 12 13 9 4 10 11 5 7 6 3 1 8 2 255 255
255 1 5 9 255 3 0 8 2 7 4 11 6 10 12 13
10 6 2 255 12 7 4 0 13 3 8 255 11 9 5 1
13 11 9 255 12 3 5 1 10 7 4 8 6 2 0 255
0 12 13 9 4 10 11 5 7 6 3 1 8 2 255 255
255 1 5 9 255 3 0 8 2 7 4 11 6 10 12 13
10 6 2 255 12 7 4 0 13 3 8 255 11 9 5 1
13 11 9 255 12 3 5 1 10 7 4 8 6 2 0 255
0 12 13 9 4 10 11 5 7 6 3 1 8 2 255 255
255 1 5 9 255 3 0 8 2 7 4 11 6 10 12 13
10 6 2 255 12 7 4 0 13 3 8 255 11 9 5 1
13 11 9 255 12 3 5 1 10 7 4 8 6 2 0 255
0 12 13 9 4 10 11 5 7 6 3 1 8 2 255 255
255 1 5 9 255 3 0 8 2 7 4 11 6 10 12 13
10 6 2 255 12 7 4 0 13 3 8 255 11 9 5 1
13 11 9 255 12 3 5 1 10 7 4 8 6 2 0 255
0 12 13 9 4 10 11 5 7 6 3 1 8 2 255 255
255 1 5 9 255 3 0 8 2 7 4 11 6 10 12 13
5 9 11 13 1 0 4 12 255 8 7 10 255 3 2 6
255 1 5 9 10 12 13 11 6 7 8 3 2 4 0 255
12 6 3 7 13 10 2 4 11 5 8 0 9 1 255 255
255 255 8 0 1 3 7 4 5 2 6 10 9 11 13 12
5 9 11 13 1 0 4 12 255 8 7 10 255 3 2 6
255 1 5 9 10 12 13 11 6 7 8 3 2 4 0 255
12 6 3 7 13 10 2 4 11 5 8 0 9 1 255 255
255 255 8 0 1 3 7 4 5 2 6 10 9 11 13 12
5 9 11 13 1 0 4 12 255 8 7 10 255 3 2 6
255 1 5 9 10 12 13 11 6 7 8 3 2 4 0 255
12 6 3 7 13 10 2 4 11 5 8 0 9 1 255 255
255 255 8 0 1 3 7 4 5 2 6 10 9 11 13 12
5 9 11 13 1 0 4 12 255 8 7 10 255 3 2 6
255 1 5 9 10 12 13 11 6 7 8 3 2 4 0 255
12 6 3 7 13 10 2 4 11 5 8 0 9 1 255 255
255 255 8 0 1 3 7 4 5 2 6 10 9 11 13 12
5 9 11 13 1 0 4 12 255 8 7 10 255 3 2 6
255 1 5 9 10 12 13 11 6 7 8 3 2 4 0 255
12 6 3 7 13 10 2 4 11 5 8 0 9 1 255 255
255 255 8 0 1 3 7 4 5 2 6 10 9 11 13 12
5 9 11 13 1 0 4 12 255 8 7 10 255 3 2 6
255 1 5 9 10 12 13 11 6 7 8 3 2 4 0 255
12 6 3 7 13 10 2 4 11 5 8 0 9 1 255 255
255 255 8 0 1 3 7 4 5 2 6 10 9 11 13 12
5 9 11 13 1 0 4 12 255 8 7 10 255 3 2 6
255 1 5 9 10 12 13 11 6 7 8 3 2 4 0 255
12 6 3 7 13 10 2 4 11 5 8 0 9 1 255 255
255 255 8 0 1 3 7 4 5 2 6 10 9 11 13 12
5 9 11 13 1 0 4 12 255 8 7 10 255 3 2 6
255 1 5 9 10 12 13 11 6 7 8 3 2 4 0 255
12 6 3 7 13 10 2 4 11 5 8 0 9 1 255 255
255 255 8 0 1 3 7 4 5 2 6 10 9 11 13 12
255 3 9 5 13 11 8 1 12 7 4 0 10 6 2 255
4 10 12 8 7 6 13 255 0 2 11 255 3 5 9 1
3 8 255 255 7 4 0 1 6 2 5 9 10 12 13 11
11 13 12 10 9 3 7 6 5 8 4 2 1 255 0 255
255 3 9 5 13 11 8 1 12 7 4 0 10 6 2 255
4 10 12 8 7 6 13 255 0 2 11 255 3 5 9 1
3 8 255 255 7 4 0 1 6 2 5 9 10 12 13 11
11 13 12 10 9 3 7 6 5 8 4 2 1 255 0 255
255 3 9 5 13 11 8 1 12 7 4 0 10 6 2 255
4 10 12 8 7 6 13 255 0 2 11 255 3 5 9 1
3 8 255 255 7 4 0 1 6 2 5 9 10 12 13 11
11 13 12 10 9 3 7 6 5 8 4 2 1 255 0 255
255 3 9 5 13 11 8 1 12 7 4 0 10 6 2 255
4 10 12 8 7 6 13 255 0 2 11 255 3 5 9 1
3 8 255 255 7 4 0 1 6 2 5 9 10 12 13 11
11 13 12 10 9 3 7 6 5 8 4 2 1 255 0 255
255 3 9 5 13 11 8 1 12 7 4 0 10 6 2 255
4 10 12 8 7 6 13 255 0 2 11 255 3 5 9 1
3 8 255 255 7 4 0 1 6 2 5 9 10 12 13 11
11 13 12 10 9 3 7 6 5 8 4 2 1 255 0 255
255 3 9 5 13 11 8 1 12 7 4 0 10 6 2 255
4 10 12 8 7 6 13 255 0 2 11 255 3 5 9 1
3 8 255 255 7 4 0 1 6 2 5 9 10 12 13 11
11 13 12 10 9 3 7 6 5 8 4 2 1 255 0 255
255 3 9 5 13 11 8 1 12 7 4 0 10 6 2 255
4 10 12 8 7 6 13 255 0 2 11 255 3 5 9 1
3 8 255 255 7 4 0 1 6 2 5 9 10 12 13 11
11 13 12 10 9 3 7 6 5 8 4 2 1 255 0 255
255 3 9 5 13 11 8 1 12 7 4 0 10 6 2 255
4 10 12 8 7 6 13 255 0 2 11 255 3 5 9 1
3 8 255 255 7 4 0 1 6 2 5 9 10 12 13 11
11 13 12 10 9 3 7 6 5 8 4 2 1 255 0 255
1 5 12 10 255 9 13 6 255 8 11 2 3 0 4 7
3 8 255 255 7 4 0 1 6 2 5 9 10 12 13 11
11 5 9 1 13 2 0 255 12 6 4 255 10 7 8 3
5 1 3 255 9 11 13 12 8 4 7 10 255 0 2 6
1 5 12 10 255 9 13 6 255 8 11 2 3 0 4 7
3 8 255 255 7 4 0 1 6 2 5 9 10 12 13 11
11 5 9 1 13 2 0 255 12 6 4 255 10 7 8 3
5 1 3 255 9 11 13 12 8 4 7 10 255 0 2 6
1 5 12 10 255 9 13 6 255 8 11 2 3 0 4 7
3 8 255 255 7 4 0 1 6 2 5 9 10 12 13 11
11 5 9 1 13 2 0 255 12 6 4 255 10 7 8 3
5 1 3 255 9 11 13 12 8 4 7 10 255 0 2 6
1 5 12 10 255 9 13 6 255 8 11 2 3 0 4 7
3 8 255 255 7 4 0 1 6 2 5 9 10 12 13 11
11 5 9 1 13 2 0 255 12 6 4 255 10 7 8 3
5 1 3 255 9 11 13 12 8 4 7 10 255 0 2 6
1 5 12 10 255 9 13 6 255 8 11 2 3 0 4 7
3 8 255 255 7 4 0 1 6 2 5 9 10 12 13 11
11 5 9 1 13 2 0 255 12 6 4 255 10 7 8 3
5 1 3 255 9 11 13 12 8 4 7 10 255 0 2 6
1 5 12 10 255 9 13 6 255 8 11 2 3 0 4 7
3 8 255 255 7 4 0 1 6 2 5 9 10 12 13 11
11 5 9 1 13 2 0 255 12 6 4 255 10 7 8 3
5 1 3 255 9 11 13 12 8 4 7 10 255 0 2 6
1 5 12 10 255 9 13 6 255 8 11 2 3 0 4 7
3 8 255 255 7 4 0 1 6 2 5 9 10 12 13 11
11 5 9 1 13 2 0 255 12 6 4 255 10 7 8 3
5 1 3 255 9 11 13 12 8 4 7 10 255 0 2 6
1 5 12 10 255 9 13 6 255 8 11 2 3 0 4 7
3 8 255 255 7 4 0 1 6 2 5 9 10 12 13 11
11 5 9 1 13 2 0 255 12 6 4 255 10 7 8 3
5 1 3 255 9 11 13 12 8 4 7 10 255 0 2 6
255 255 8 0 1 3 7 4 5 2 6 10 9 11 13 12
5 9 11 13 1 0 4 12 255 8 7 10 255 3 2 6
255 1 5 9 10 12 13 11 6 7 8 3 2 4 0 255
12 6 3 7 13 10 2 4 11 5 8 0 9 1 255 255
255 255 8 0 1 3 7 4 5 2 6 10 9 11 13 12
5 9 11 13 1 0 4 12 255 8 7 10 255 3 2 6
255 1 5 9 10 12 13 11 6 7 8 3 2 4 0 255
12 6 3 7 13 10 2 4 11 5 8 0 9 1 255 255
255 255 8 0 1 3 7 4 5 2 6 10 9 11 13 12
5 9 11 13 1 0 4 12 255 8 7 10 255 3 2 6
255 1 5 9 10 12 13 11 6 7 8 3 2 4 0 255
12 6 3 7 13 10 2 4 11 5 8 0 9 1 255 255
255 255 8 0 1 3 7 4 5 2 6 10 9 11 13 12
5 9 11 13 1 0 4 12 255 8 7 10 255 3 2 6
255 1 5 9 10 12 13 11 6 7 8 3 2 4 0 255
12 6 3 7 13 10 2 4 11 5 8 0 9 1 255 255
255 255 8 0 1 3 7 4 5 2 6 10 9 11 13 12
5 9 11 13 1 0 4 12 255 8 7 10 255 3 2 6
255 1 5 9 10 12 13 11 6 7 8 3 2 4 0 255
12 6 3 7 13 10 2 4 11 5 8 0 9 1 255 255
255 255 8 0 1 3 7 4 5 2 6 10 9 11 13 12
5 9 11 13 1 0 4 12 255 8 7 10 255 3 2 6
255 1 5 9 10 12 13 11 6 7 8 3 2 4 0 255
12 6 3 7 13 10 2 4 11 5 8 0 9 1 255 255
255 255 8 0 1 3 7 4 5 2 6 10 9 11 13 12
5 9 11 13 1 0 4 12 255 8 7 10 255 3 2 6
255 1 5 9 10 12 13 11 6 7 8 3 2 4 0 255
12 6 3 7 13 10 2 4 11 5 8 0 9 1 255 255
255 255 8 0 1 3 7 4 5 2 6 10 9 11 13 12
5 9 11 13 1 0 4 12 255 8 7 10 255 3 2 6
255 1 5 9 10 12 13 11 6 7 8 3 2 4 0 255
12 6 3 7 13 10 2 4 11 5 8 0 9 1 255 255
255 1 9 11 255 0 5 13 8 4 2 12 3 7 6 10
9 5 1 255 11 0 8 255 13 4 7 3 12 10 6 2
10 12 4 3 6 13 7 0 2 11 8 255 5 9 1 255
3 255 255 1 0 8 9 5 7 6 10 12 4 2 11 13
255 1 9 11 255 0 5 13 8 4 2 12 3 7 6 10
9 5 1 255 11 0 8 255 13 4 7 3 12 10 6 2
10 12 4 3 6 13 7 0 2 11 8 255 5 9 1 255
3 255 255 1 0 8 9 5 7 6 10 12 4 2 11 13
255 1 9 11 255 0 5 13 8 4 2 12 3 7 6 10
9 5 1 255 11 0 8 255 13 4 7 3 12 10 6 2
10 12 4 3 6 13 7 0 2 11 8 255 5 9 1 255
3 255 255 1 0 8 9 5 7 6 10 12 4 2 11 13
255 1 9 11 255 0 5 13 8 4 2 12 3 7 6 10
9 5 1 255 11 0 8 255 13 4 7 3 12 10 6 2
10 12 4 3 6 13 7 0 2 11 8 255 5 9 1 255
3 255 255 1 0 8 9 5 7 6 10 12 4 2 11 13
255 1 9 11 255 0 5 13 8 4 2 12 3 7 6 10
9 5 1 255 11 0 8 255 13 4 7 3 12 10 6 2
10 12 4 3 6 13 7 0 2 11 8 255 5 9 1 255
3 255 255 1 0 8 9 5 7 6 10 12 4 2 11 13
255 1 9 11 255 0 5 13 8 4 2 12 3 7 6 10
9 5 1 255 11 0 8 255 13 4 7 3 12 10 6 2
10 12 4 3 6 13 7 0 2 11 8 255 5 9 1 255
3 255 255 1 0 8 9 5 7 6 10 12 4 2 11 13
255 1 9 11 255 0 5 13 8 4 2 12 3 7 6 10
9 5 1 255 11 0 8 255 13 4 7 3 12 10 6 2
10 12 4 3 6 13 7 0 2 11 8 255 5 9 1 255
3 255 255 1 0 8 9 5 7 6 10 12 4 2 11 13
255 1 9 11 255 0 5 13 8 4 2 12 3 7 6 10
9 5 1 255 11 0 8 255 13 4 7 3 12 10 6 2
10 12 4 3 6 13 7 0 2 11 8 255 5 9 1 255
3 255 255 1 0 8 9 5 7 6 10 12 4 2 11 13
255 3 1 5 12 13 11 9 10 7 4 8 6 2 0 255
0 4 10 12 8 7 6 13 255 3 2 11 255 1 5 9
255 255 8 3 1 0 4 7 9 5 2 6 11 13 12 10
9 11 13 12 5 0 4 10 1 8 7 6 255 255 3 2
255 3 1 5 12 13 11 9 10 7 4 8 6 2 0 255
0 4 10 12 8 7 6 13 255 3 2 11 255 1 5 9
255 255 8 3 1 0 4 7 9 5 2 6 11 13 12 10
9 11 13 12 5 0 4 10 1 8 7 6 255 255 3 2
255 3 1 5 12 13 11 9 10 7 4 8 6 2 0 255
0 4 10 12 8 7 6 13 255 3 2 11 255 1 5 9
255 255 8 3 1 0 4 7 9 5 2 6 11 13 12 10
9 11 13 12 5 0 4 10 1 8 7 6 255 255 3 2
255 3 1 5 12 13 11 9 10 7 4 8 6 2 0 255
0 4 10 12 8 7 6 13 255 3 2 11 255 1 5 9
255 255 8 3 1 0 4 7 9 5 2 6 11 13 12 10
9 11 13 12 5 0 4 10 1 8 7 6 255 255 3 2
255 3 1 5 12 13 11 9 10 7 4 8 6 2 0 255
0 4 10 12 8 7 6 13 255 3 2 11 255 1 5 9
255 255 8 3 1 0 4 7 9 5 2 6 11 13 12 10
9 11 13 12 5 0 4 10 1 8 7 6 255 255 3 2
255 3 1 5 12 13 11 9 10 7 4 8 6 2 0 255
0 4 10 12 8 7 6 13 255 3 2 11 255 1 5 9
255 255 8 3 1 0 4 7 9 5 2 6 11 13 12 10
9 11 13 12 5 0 4 10 1 8 7 6 255 255 3 2
255 3 1 5 12 13 11 9 10 7 4 8 6 2 0 255
0 4 10 12 8 7 6 13 255 3 2 11 255 1 5 9
255 255 8 3 1 0 4 7 9 5 2 6 11 13 12 10
9 11 13 12 5 0 4 10 1 8 7 6 255 255 3 2
255 3 1 5 12 13 11 9 10 7 4 8 6 2 0 255
0 4 10 12 8 7 6 13 255 3 2 11 255 1 5 9
255 255 8 3 1 0 4 7 9 5 2 6 11 13 12 10
9 11 13 12 5 0 4 10 1 8 7 6 255 255 3 2
13 10 2 255 11 12 6 255 9 3 7 8 5 0 4 1
3 255 255 1 0 8 9 5 4 11 13 12 7 2 6 10
255 255 10 6 1 3 12 2 5 8 13 7 9 0 11 4
10 12 13 11 6 7 3 9 2 4 8 5 255 0 255 1
13 10 2 255 11 12 6 255 9 3 7 8 5 0 4 1
3 255 255 1 0 8 9 5 4 11 13 12 7 2 6 10
255 255 10 6 1 3 12 2 5 8 13 7 9 0 11 4
10 12 13 11 6 7 3 9 2 4 8 5 255 0 255 1
13 10 2 255 11 12 6 255 9 3 7 8 5 0 4 1
3 255 255 1 0 8 9 5 4 11 13 12 7 2 6 10
255 255 10 6 1 3 12 2 5 8 13 7 9 0 11 4
10 12 13 11 6 7 3 9 2 4 8 5 255 0 255 1
13 10 2 255 11 12 6 255 9 3 7 8 5 0 4 1
3 255 255 1 0 8 9 5 4 11 13 12 7 2 6 10
255 255 10 6 1 3 12 2 5 8 13 7 9 0 11 4
10 12 13 11 6 7 3 9 2 4 8 5 255 0 255 1
13 10 2 255 11 12 6 255 9 3 7 8 5 0 4 1
3 255 255 1 0 8 9 5 4 11 13 12 7 2 6 10
255 255 10 6 1 3 12 2 5 8 13 7 9 0 11 4
10 12 13 11 6 7 3 9 2 4 8 5 255 0 255 1
13 10 2 255 11 12 6 255 9 3 7 8 5 0 4 1
3 255 255 1 0 8 9 5 4 11 13 12 7 2 6 10
255 255 10 6 1 3 12 2 5 8 13 7 9 0 11 4
10 12 13 11 6 7 3 9 2 4 8 5 255 0 255 1
13 10 2 255 11 12 6 255 9 3 7 8 5 0 4 1
3 255 255 1 0 8 9 5 4 11 13 12 7 2 6 10
255 255 10 6 1 3 12 2 5 8 13 7 9 0 11 4
10 12 13 11 6 7 3 9 2 4 8 5 255 0 255 1
13 10 2 255 11 12 6 255 9 3 7 8 5 0 4 1
3 255 255 1 0 8 9 5 4 11 13 12 7 2 6 10
255 255 10 6 1 3 12 2 5 8 13 7 9 0 11 4
10 12 13 11 6 7 3 9 2 4 8 5 255 0 255 1
255 255 8 0 1 3 7 4 5 2 6 10 9 11 13 12
5 9 11 13 1 0 4 12 255 8 7 10 255 3 2 6
255 1 5 9 10 12 13 11 6 7 8 3 2 4 0 255
12 6 3 7 13 10 2 4 11 5 8 0 9 1 255 255
255 255 8 0 1 3 7 4 5 2 6 10 9 11 13 12
5 9 11 13 1 0 4 12 255 8 7 10 255 3 2 6
255 1 5 9 10 12 13 11 6 7 8 3 2 4 0 255
12 6 3 7 13 10 2 4 11 5 8 0 9 1 255 255
255 255 8 0 1 3 7 4 5 2 6 10 9 11 13 12
5 9 11 13 1 0 4 12 255 8 7 10 255 3 2 6
255 1 5 9 10 12 13 11 6 7 8 3 2 4 0 255
12 6 3 7 13 10 2 4 11 5 8 0 9 1 255 255
255 255 8 0 1 3 7 4 5 2 6 10 9 11 13 12
5 9 11 13 1 0 4 12 255 8 7 10 255 3 2 6
255 1 5 9 10 12 13 11 6 7 8 3 2 4 0 255
12 6 3 7 13 10 2 4 11 5 8 0 9 1 255 255
255 255 8 0 1 3 7 4 5 2 6 10 9 11 13 12
5 9 11 13 1 0 4 12 255 8 7 10 255 3 2 6
255 1 5 9 10 12 13 11 6 7 8 3 2 4 0 255
12 6 3 7 13 10 2 4 11 5 8 0 9 1 255 255
255 255 8 0 1 3 7 4 5 2 6 10 9 11 13 12
5 9 11 13 1 0 4 12 255 8 7 10 255 3 2 6
255 1 5 9 10 12 13 11 6 7 8 3 2 4 0 255
12 6 3 7 13 10 2 4 11 5 8 0 9 1 255 255
255 255 8 0 1 3 7 4 5 2 6 10 9 11 13 12
5 9 11 13 1 0 4 12 255 8 7 10 255 3 2 6
255 1 5 9 10 12 13 11 6 7 8 3 2 4 0 255
12 6 3 7 13 10 2 4 11 5 8 0 9 1 255 255
255 255 8 0 1 3 7 4 5 2 6 10 9 11 13 12
5 9 11 13 1 0 4 12 255 8 7 10 255 3 2 6
255 1 5 9 10 12 13 11 6 7 8 3 2 4 0 255
12 6 3 7 13 10 2 4 11 5 8 0 9 1 255 255
255 255 8 3 1 0 4 7 9 5 2 6 11 13 12 10
9 11 13 12 5 0 4 10 1 8 7 6 255 255 3 2
255 3 1 5 12 13 11 9 10 7 4 8 6 2 0 255
0 4 10 12 8 7 6 13 255 3 2 11 255 1 5 9
255 255 8 3 1 0 4 7 9 5 2 6 11 13 12 10
9 11 13 12 5 0 4 10 1 8 7 6 255 255 3 2
255 3 1 5 12 13 11 9 10 7 4 8 6 2 0 255
0 4 10 12 8 7 6 13 255 3 2 11 255 1 5 9
255 255 8 3 1 0 4 7 9 5 2 6 11 13 12 10
9 11 13 12 5 0 4 10 1 8 7 6 255 255 3 2
255 3 1 5 12 13 11 9 10 7 4 8 6 2 0 255
0 4 10 12 8 7 6 13 255 3 2 11 255 1 5 9
255 255 8 3 1 0 4 7 9 5 2 6 11 13 12 10
9 11 13 12 5 0 4 10 1 8 7 6 255 255 3 2
255 3 1 5 12 13 11 9 10 7 4 8 6 2 0 255
0 4 10 12 8 7 6 13 255 3 2 11 255 1 5 9
255 255 8 3 1 0 4 7 9 5 2 6 11 13 12 10
9 11 13 12 5 0 4 10 1 8 7 6 255 255 3 2
255 3 1 5 12 13 11 9 10 7 4 8 6 2 0 255
0 4 10 12 8 7 6 13 255 3 2 11 255 1 5 9
255 255 8 3 1 0 4 7 9 5 2 6 11 13 12 10
9 11 13 12 5 0 4 10 1 8 7 6 255 255 3 2
255 3 1 5 12 13 11 9 10 7 4 8 6 2 0 255
0 4 10 12 8 7 6 13 255 3 2 11 255 1 5 9
255 255 8 3 1 0 4 7 9 5 2 6 11 13 12 10
9 11 13 12 5 0 4 10 1 8 7 6 255 255 3 2
255 3 1 5 12 13 11 9 10 7 4 8 6 2 0 255
0 4 10 12 8 7 6 13 255 3 2 11 255 1 5 9
255 255 8 3 1 0 4 7 9 5 2 6 11 13 12 10
9 11 13 12 5 0 4 10 1 8 7 6 255 255 3 2
255 3 1 5 12 13 11 9 10 7 4 8 6 2 0 255
0 4 10 12 8 7 6 13 255 3 2 11 255 1 5 9
255 10 6 2 1 12 7 4 5 13 8 0 9 11 3 255
12 13 11 255 10 3 9 5 6 7 8 1 2 4 0 255
255 0 12 13 8 4 10 11 255 7 6 9 1 3 2 5
9 5 1 255 0 8 3 255 11 13 12 10 4 7 2 6
255 10 6 2 1 12 7 4 5 13 8 0 9 11 3 255
12 13 11 255 10 3 9 5 6 7 8 1 2 4 0 255
255 0 12 13 8 4 10 11 255 7 6 9 1 3 2 5
9 5 1 255 0 8 3 255 11 13 12 10 4 7 2 6
255 10 6 2 1 12 7 4 5 13 8 0 9 11 3 255
12 13 11 255 10 3 9 5 6 7 8 1 2 4 0 255
255 0 12 13 8 4 10 11 255 7 6 9 1 3 2 5
9 5 1 255 0 8 3 255 11 13 12 10 4 7 2 6
255 10 6 2 1 12 7 4 5 13 8 0 9 11 3 255
12 13 11 255 10 3 9 5 6 7 8 1 2 4 0 255
255 0 12 13 8 4 10 11 255 7 6 9 1 3 2 5
9 5 1 255 0 8 3 255 11 13 12 10 4 7 2 6
255 10 6 2 1 12 7 4 5 13 8 0 9 11 3 255
12 13 11 255 10 3 9 5 6 7 8 1 2 4 0 255
255 0 12 13 8 4 10 11 255 7 6 9 1 3 2 5
9 5 1 255 0 8 3 255 11 13 12 10 4 7 2 6
255 10 6 2 1 12 7 4 5 13 8 0 9 11 3 255
12 13 11 255 10 3 9 5 6 7 8 1 2 4 0 255
255 0 12 13 8 4 10 11 255 7 6 9 1 3 2 5
9 5 1 255 0 8 3 255 11 13 12 10 4 7 2 6
255 10 6 2 1 12 7 4 5 13 8 0 9 11 3 255
12 13 11 255 10 3 9 5 6 7 8 1 2 4 0 255
255 0 12 13 8 4 10 11 255 7 6 9 1 3 2 5
9 5 1 255 0 8 3 255 11 13 12 10 4 7 2 6
255 10 6 2 1 12 7 4 5 13 8 0 9 11 3 255
12 13 11 255 10 3 9 5 6 7 8 1 2 4 0 255
255 0 12 13 8 4 10 11 255 7 6 9 1 3 2 5
9 5 1 255 0 8 3 255 11 13 12 10 4 7 2 6
5 9 11 13 1 0 4 12 255 8 7 10 255 3 2 6
255 1 5 9 10 12 13 11 6 7 8 3 2 4 0 255
12 6 3 7 13 10 2 4 11 5 8 0 9 1 255 255
255 255 8 0 1 3 7 4 5 2 6 10 9 11 13 12
5 9 11 13 1 0 4 12 255 8 7 10 255 3 2 6
255 1 5 9 10 12 13 11 6 7 8 3 2 4 0 255
12 6 3 7 13 10 2 4 11 5 8 0 9 1 255 255
255 255 8 0 1 3 7 4 5 2 6 10 9 11 13 12
5 9 11 13 1 0 4 12 255 8 7 10 255 3 2 6
255 1 5 9 10 12 13 11 6 7 8 3 2 4 0 255
12 6 3 7 13 10 2 4 11 5 8 0 9 1 255 255
255 255 8 0 1 3 7 4 5 2 6 10 9 11 13 12
5 9 11 13 1 0 4 12 255 8 7 10 255 3 2 6
255 1 5 9 10 12 13 11 6 7 8 3 2 4 0 255
12 6 3 7 13 10 2 4 11 5 8 0 9 1 255 255
255 255 8 0 1 3 7 4 5 2 6 10 9 11 13 12
5 9 11 13 1 0 4 12 255 8 7 10 255 3 2 6
255 1 5 9 10 12 13 11 6 7 8 3 2 4 0 255
12 6 3 7 13 10 2 4 11 5 8 0 9 1 255 255
255 255 8 0 1 3 7 4 5 2 6 10 9 11 13 12
5 9 11 13 1 0 4 12 255 8 7 10 255 3 2 6
255 1 5 9 10 12 13 11 6 7 8 3 2 4 0 255
12 6 3 7 13 10 2 4 11 5 8 0 9 1 255 255
255 255 8 0 1 3 7 4 5 2 6 10 9 11 13 12
5 9 11 13 1 0 4 12 255 8 7 10 255 3 2 6
255 1 5 9 10 12 13 11 6 7 8 3 2 4 0 255
12 6 3 7 13 10 2 4 11 5 8 0 9 1 255 255
255 255 8 0 1 3 7 4 5 2 6 10 9 11 13 12
5 9 11 13 1 0 4 12 255 8 7 10 255 3 2 6
255 1 5 9 10 12 13 11 6 7 8 3 2 4 0 255
12 6 3 7 13 10 2 4 11 5 8 0 9 1 255 255
255 255 8 0 1 3 7 4 5 2 6 10 9 11 13 12
13 11 9 255 12 3 5 1 10 7 4 8 6 2 0 255
0 12 13 9 4 10 11 5 7 6 3 1 8 2 255 255
255 1 5 9 255 3 0 8 2 7 4 11 6 10 12 13
10 6 2 255 12 7 4 0 13 3 8 255 11 9 5 1
13 11 9 255 12 3 5 1 10 7 4 8 6 2 0 255
0 12 13 9 4 10 11 5 7 6 3 1 8 2 255 255
255 1 5 9 255 3 0 8 2 7 4 11 6 10 12 13
10 6 2 255 12 7 4 0 13 3 8 255 11 9 5 1
13 11 9 255 12 3 5 1 10 7 4 8 6 2 0 255
0 12 13 9 4 10 11 5 7 6 3 1 8 2 255 255
255 1 5 9 255 3 0 8 2 7 4 11 6 10 12 13
10 6 2 255 12 7 4 0 13 3 8 255 11 9 5 1
13 11 9 255 12 3 5 1 10 7 4 8 6 2 0 255
0 12 13 9 4 10 11 5 7 6 3 1 8 2 255 255
255 1 5 9 255 3 0 8 2 7 4 11 6 10 12 13
10 6 2 255 12 7 4 0 13 3 8 255 11 9 5 1
13 11 9 255 12 3 5 1 10 7 4 8 6 2 0 255
0 12 13 9 4 10 11 5 7 6 3 1 8 2 255 255
255 1 5 9 255 3 0 8 2 7 4 11 6 10 12 13
10 6 2 255 12 7 4 0 13 3 8 255 11 9 5 1
13 11 9 255 12 3 5 1 10 7 4 8 6 2 0 255
0 12 13 9 4 10 11 5 7 6 3 1 8 2 255 255
255 1 5 9 255 3 0 8 2 7 4 11 6 10 12 13
10 6 2 255 12 7 4 0 13 3 8 255 11 9 5 1
13 11 9 255 12 3 5 1 10 7 4 8 6 2 0 255
0 12 13 9 4 10 11 5 7 6 3 1 8 2 255 255
255 1 5 9 255 3 0 8 2 7 4 11 6 10 12 13
10 6 2 255 12 7 4 0 13 3 8 255 11 9 5 1
13 11 9 255 12 3 5 1 10 7 4 8 6 2 0 255
0 12 13 9 4 10 11 5 7 6 3 1 8 2 255 255
255 1 5 9 255 3 0 8 2 7 4 11 6 10 12 13
10 6 2 255 12 7 4 0 13 3 8 255 11 9 5 1
255 1 5 9 255 3 8 0 10 12 13 11 6 2 7 4
10 2 255 255 12 6 3 1 13 7 0 5 11 4 9 8
255 11 13 12 5 9 3 10 1 8 7 6 255 0 4 2
5 9 13 12 1 3 11 10 255 8 7 6 255 0 4 2
255 1 5 9 255 3 8 0 10 12 13 11 6 2 7 4
10 2 255 255 12 6 3 1 13 7 0 5 11 4 9 8
255 11 13 12 5 9 3 10 1 8 7 6 255 0 4 2
5 9 13 12 1 3 11 10 255 8 7 6 255 0 4 2
255 1 5 9 255 3 8 0 10 12 13 11 6 2 7 4
10 2 255 255 12 6 3 1 13 7 0 5 11 4 9 8
255 11 13 12 5 9 3 10 1 8 7 6 255 0 4 2
5 9 13 12 1 3 11 10 255 8 7 6 255 0 4 2
255 1 5 9 255 3 8 0 10 12 13 11 6 2 7 4
10 2 255 255 12 6 3 1 13 7 0 5 11 4 9 8
255 11 13 12 5 9 3 10 1 8 7 6 255 0 4 2
5 9 13 12 1 3 11 10 255 8 7 6 255 0 4 2
255 1 5 9 255 3 8 0 10 12 13 11 6 2 7 4
10 2 255 255 12 6 3 1 13 7 0 5 11 4 9 8
255 11 13 12 5 9 3 10 1 8 7 6 255 0 4 2
5 9 13 12 1 3 11 10 255 8 7 6 255 0 4 2
255 1 5 9 255 3 8 0 10 12 13 11 6 2 7 4
10 2 255 255 12 6 3 1 13 7 0 5 11 4 9 8
255 11 13 12 5 9 3 10 1 8 7 6 255 0 4 2
5 9 13 12 1 3 11 10 255 8 7 6 255 0 4 2
255 1 5 9 255 3 8 0 10 12 13 11 6 2 7 4
10 2 255 255 12 6 3 1 13 7 0 5 11 4 9 8
255 11 13 12 5 9 3 10 1 8 7 6 255 0 4 2
5 9 13 12 1 3 11 10 255 8 7 6 255 0 4 2
255 1 5 9 255 3 8 0 10 12 13 11 6 2 7 4
10 2 255 255 12 6 3 1 13 7 0 5 11 4 9 8
255 11 13 12 5 9 3 10 1 8 7 6 255 0 4 2
5 9 13 12 1 3 11 10 255 8 7 6 255 0 4 2
10 12 4 3 6 13 7 0 2 11 8 255 5 9 1 255
3 255 255 1 0 8 9 5 7 6 10 12 4 2 11 13
255 1 9 11 255 0 5 13 8 4 2 12 3 7 6 10
9 5 1 255 11 0 8 255 13 4 7 3 12 10 6 2
10 12 4 3 6 13 7 0 2 11 8 255 5 9 1 255
3 255 255 1 0 8 9 5 7 6 10 12 4 2 11 13
255 1 9 11 255 0 5 13 8 4 2 12 3 7 6 10
9 5 1 255 11 0 8 255 13 4 7 3 12 10 6 2

